1, 37.70874559114861
2, 37.41984471547946
4, 38.24404952375291
7, 37.47884707504722
8, 38.30854985921521
10, 37.34736763815459
13, 38.26863706370231
14, 36.749569384055604
16, 37.74250345530131
19, 38.34437942504883
20, 38.22501655648948
22, 38.35078442850817
25, 37.91917329470869
26, 38.145046288855404
28, 38.69767559492418
31, 37.31528155624947
32, 37.42988627755688
34, 37.26779474373724
37, 37.93105615746523
38, 38.704399108886726
40, 37.95464243999601
43, 37.4099464416504
44, 37.85865783691406
46, 37.45933264802196
49, 38.03485107421876
50, 38.2783203125
52, 38.34470000999245
55, 38.03758329454263
56, 39.512232705929904
58, 37.922603908682845
61, 37.152714374973584
62, 37.246679289992024
64, 37.67068907724844
67, 38.31631845017224
68, 36.96004890035414
70, 36.7683602217877
73, 38.42220306396484
74, 37.468901336558346
76, 38.567425073615226
79, 37.60844330052988
80, 38.67348098754883
82, 38.0378607325463
85, 38.027698062426005
86, 37.59950637817383
88, 38.24072254158019
91, 38.599285125732415
92, 37.427121356449426
94, 37.80591367175488
97, 37.6322869876057
98, 37.9631265213469
100, 37.60719531730277
103, 37.57876229701006
104, 37.94032172074236
106, 38.05314278417845
109, 38.79670995529335
110, 38.34811209180628
112, 37.159854888916016
115, 38.090370178222656
116, 38.23786643249184
118, 38.24673080444336
121, 37.77195526477371
122, 38.85415524765644
124, 37.73917740101096
127, 38.48617983395641
128, 38.25971885058759
130, 38.177696228027344
133, 37.64527433935687
134, 37.6994856497573
136, 37.28807446721078
139, 37.551570320059106
140, 38.1033968740355
142, 38.738470053962
145, 38.30312137859714
146, 38.24473315085322
148, 37.738934313656465
151, 37.55439238203468
152, 38.14409901035721
154, 37.21886554313618
157, 37.64626580528155
158, 36.98861967196293
160, 37.85505676269531
163, 37.61900279456527
164, 37.70088744749848
166, 39.222420671856646
169, 41.88517574017325
170, 38.2129807245938
172, 38.424112059135346
175, 38.10376265237809
176, 38.31744065636667
178, 37.27211040068553
181, 37.39164817120127
182, 38.65145879214741
184, 36.99891880024108
187, 39.20943939839973
188, 37.86079243060928
190, 37.83038701300996
193, 37.6839641543806
194, 36.89921433262639
196, 37.34059007064875
199, 39.358138641107416
200, 38.14531980893686
202, 38.50638391560696
205, 37.99089028423336
206, 38.84402913815344
208, 38.235668304247184
211, 38.01132202148438
212, 37.50817978025606
214, 37.97470906548129
217, 38.507252673213934
218, 38.11906814575195
220, 37.390296120786516
223, 38.29373332575016
224, 38.38038444916006
226, 37.91785384630466
229, 37.99618085531819
230, 37.311904717833386
232, 37.71896663801802
235, 37.1755599975586
236, 36.692242934168604
238, 38.14425405362524
241, 38.81325882816661
242, 37.90132824818218
244, 38.90472412109374
247, 38.49399623806106
248, 38.60004876271071
250, 37.22937231813943
253, 37.38667396427019
254, 37.13693009683668
256, 37.37649953583646
259, 37.65694306622622
260, 37.75646928993674
262, 38.02353965365077
265, 37.8483123920303
266, 37.83366133236914
268, 37.87808476316598
271, 38.17735994199601
272, 37.921978788322434
274, 37.12205123901367
277, 37.872206913225625
278, 37.263794167005024
280, 36.958032758410766
283, 37.30932190144864
284, 38.30842196391308
286, 38.17443879455289
289, 36.795918834696614
290, 38.08795868774315
292, 38.88718355635605
295, 38.59355926513671
296, 37.709781179311975
298, 37.63984996896644
301, 37.975164392411635
302, 36.59566232727558
304, 38.518701330020896
307, 37.489052780971605
308, 38.15646910247827
310, 38.46711997021769
313, 37.15492630004884
314, 37.980293042537205
316, 38.32463738025372
319, 38.774680309491664
320, 38.343687388155566
322, 37.61030960083007
325, 38.3522380908059
326, 37.95812798577849
328, 37.5222511291504
331, 37.80424499511718
332, 37.03032898405602
334, 37.15624303958725
337, 38.20951538194698
338, 37.47796324334054
340, 36.98503993795597
343, 35.87993220791654
344, 37.56678352398937
346, 37.62667083740234
349, 37.60351027915664
350, 37.5334913467677
352, 38.13545428041939
355, 37.616315205508265
356, 39.293887585937746
358, 36.96235656738282
361, 38.30797868701177
362, 37.4802335318888
364, 38.61948022397315
367, 36.91318001944718
368, 37.23790495950351
370, 37.93678748775404
373, 37.65044894822132
374, 37.82607438251579
376, 38.18899222683437
379, 37.05795169205727
380, 36.85676012850862
382, 37.349406698932555
385, 37.31070786537774
386, 37.392197337262296
388, 37.721265849813584
391, 37.51626968383789
392, 38.697293660254594
394, 38.529475678581974
397, 38.4219110200208
398, 38.18241412860477
400, 38.635008486574726
403, 38.68010117597177
404, 37.6985200548838
406, 37.80029348054386
409, 37.26657686518519
410, 38.151284597573735
412, 38.26019930821447
415, 37.71755517954237
416, 38.18147992917876
418, 38.27768125396688
421, 37.437623134365765
422, 37.0061303098802
424, 37.17693634221328
427, 38.47154194921706
428, 37.809065725825334
430, 38.029940100675994
433, 37.21889928360207
434, 37.63271862189379
436, 37.63026351525951
439, 37.36410903930663
440, 36.971241966315915
442, 38.43968459453599
445, 37.653749284778414
446, 38.5787405713356
448, 37.17703323516831
451, 37.099603989823756
452, 36.7841777602125
454, 37.69386903352755
457, 38.387791315989695
458, 38.585993835459064
460, 37.65172584523773
463, 37.74129364787084
464, 38.374561774084846
466, 37.65690543164485
469, 38.32956914879416
470, 38.37334583531914
472, 38.09717645673361
475, 38.084157545600725
476, 37.356115017662205
478, 37.176830280747765
481, 37.551668793426884
482, 38.588096618652344
484, 37.882202148437514
487, 37.20569902482406
488, 38.41907511307633
490, 38.140086312580834
493, 38.07551187158589
494, 37.30687386012895
496, 38.36930847167969
499, 38.47116981239167
500, 38.365620434329635
502, 37.163632116000564
505, 36.993579168417234
506, 37.53825392223172
508, 38.603446960449226
511, 37.87502733967202
512, 37.937540305212316
514, 36.927827475851146
517, 37.24947925415295
518, 37.64463952887616
520, 38.784912246535235
523, 36.87790410390426
524, 37.20493868616779
526, 36.3083086611792
529, 37.99903940406846
530, 36.85940933227539
532, 37.4927529532358
535, 38.07036098376757
536, 37.5085728154564
538, 37.261379778058235
541, 38.001042220647605
542, 37.69608559470571
544, 37.52437059518299
547, 37.731562029156265
548, 38.43768429650885
550, 37.69780529946414
553, 38.338119274740954
554, 37.53077474569315
556, 37.59505844116211
559, 38.82394478489199
560, 38.71234628785584
562, 36.68639815444543
565, 37.13053976639199
566, 37.98278902216619
568, 37.81950181836927
571, 41.091686613178844
572, 39.12949767166815
574, 37.93526752403657
577, 38.60459106236692
578, 37.503007076183636
580, 38.501438127407454
583, 37.2550596501792
584, 37.44539349061594
586, 37.32881911582017
589, 38.06904240850838
590, 36.945741000184505
592, 37.625938757030426
595, 37.7024153172623
596, 37.64036178588868
598, 38.16546355803166
601, 37.738077355865315
602, 38.53954010706714
604, 38.385430456155724
607, 38.72509083185045
608, 37.51629257202149
610, 38.49801858795407
613, 37.85121151978179
614, 37.90411758422851
616, 38.56045824253068
619, 39.112179971392244
620, 37.8676311791232
622, 37.64185834328899
625, 37.838992578835764
626, 38.30740320322487
628, 37.42870974567802
631, 37.41706893154735
632, 36.81865663551447
634, 37.84970062303077
637, 37.25285758102919
638, 38.72674925364496
640, 37.03890943628943
643, 38.17964584886941
644, 37.939469204949866
646, 38.36675787336141
649, 36.62222501724951
650, 36.777732306878605
652, 39.36656233960571
655, 37.594033901262165
656, 38.62794876098633
658, 37.34480159214463
661, 38.20734675627302
662, 38.655511528706306
664, 38.50605379858715
667, 37.2236099243164
668, 38.515927800855835
670, 37.24412852637337
673, 38.37501119627794
674, 38.14062483200844
676, 37.23333075179134
679, 38.06638686656199
680, 37.68636979510771
682, 37.936237054740864
685, 37.24572630762803
686, 37.95719398812028
688, 38.81513352404946
691, 38.08181970391879
692, 38.55051804019705
694, 39.710326701697376
697, 37.120100083499466
698, 36.82886342565378
700, 40.18859563554111
703, 37.43201302007039
704, 37.36738750840548
706, 37.89815110449655
709, 38.43700906237425
710, 37.883213527087435
712, 38.18743896484375
715, 37.05249786376953
716, 37.74700963216353
718, 38.38099862681732
721, 37.178472918976695
722, 37.47251545708985
724, 37.3540559912182
727, 37.65748219214216
728, 38.37306150460642
730, 38.55793256349636
733, 37.30710983276368
734, 38.17799796170415
736, 37.94233153004286
739, 37.704427718704885
740, 38.88663205654357
742, 38.15965746257241
745, 38.61738497329349
746, 38.13852310180665
748, 36.87813931020015
751, 37.27042432716422
752, 37.626493775270525
754, 37.63986061199109
757, 38.36926773037578
758, 37.40709093060891
760, 37.11325250192457
763, 38.950221371917706
764, 37.30847547826726
766, 37.970069617522675
769, 37.82856328383799
770, 39.26976546560046
772, 39.471029447940246
775, 37.23661794451283
776, 36.40164802236756
778, 38.556252274149266
781, 37.960611497621684
782, 37.86598507085141
784, 38.60204942958975
787, 37.996089935302734
788, 38.09809540482009
790, 38.12160707059895
793, 37.182012932483644
794, 37.04551475247175
796, 37.346174056138096
799, 37.133079528808594
800, 38.436893463134766
802, 41.68295600337731
805, 37.92466558517647
806, 38.01483376290574
808, 38.43061981581151
811, 38.92541736373872
812, 37.72681849090925
814, 37.31367402592339
817, 38.79955548736276
818, 37.763157187590295
820, 38.28943125210279
823, 37.894914175370644
824, 38.16775555992754
826, 37.680757207867565
829, 37.46718952814013
830, 38.267936823643005
832, 38.716214302381346
835, 37.95384960848724
836, 37.47580430183457
838, 37.53129054949952
841, 37.7124559609556
842, 37.65150918598703
844, 37.91140365600586
847, 38.81752428988754
848, 38.43522644042969
850, 38.597965905591046
853, 37.216195710788526
854, 38.19966929760912
856, 37.2576537300565
859, 37.425908476691404
860, 38.212466101849095
862, 36.5793692815845
865, 37.84001707955687
866, 37.57532501220703
868, 38.75994388918241
871, 37.38775923067239
872, 36.96499267998139
874, 37.22189645020176
877, 37.01109318715343
878, 37.645173665771914
880, 38.17676928198071
883, 38.07706898626275
884, 38.117541003759555
886, 37.92778778076171
889, 36.944520828470154
890, 37.873922615708395
892, 37.28400310387406
895, 37.83934020996093
896, 39.19757013474284
898, 37.65342093546869
901, 37.180578153258395
902, 37.73919681538845
904, 37.36900920909631
907, 36.80666247751846
908, 38.26433930772144
910, 39.15793527486783
913, 37.92480591577441
914, 38.966580235340224
916, 37.938517518695605
919, 38.788096136186006
920, 38.39177294992445
922, 37.51562663728309
925, 38.334575685707605
926, 37.535667419433594
928, 37.70855196633264
931, 37.96859356135717
932, 38.16021645920463
934, 37.4181466465534
937, 38.14046882150021
938, 37.62680289058022
940, 37.59708833047092
943, 38.211467897493335
944, 38.14191159029178
946, 38.125308990478516
949, 38.10438791466337
950, 37.88737913063992
952, 38.53219590188789
955, 38.56654264454333
956, 38.437214182018025
958, 37.51918621469954
961, 38.28746933198699
962, 38.38781654359957
964, 37.585712350028594
967, 38.731750024167
968, 38.65745218947347
970, 39.39004788340461
973, 38.63086350880503
974, 37.556580636950684
976, 36.41114901400871
979, 37.8307072085382
980, 36.687224011634875
982, 37.35306435808522
985, 37.62760581816856
986, 39.0239238224071
988, 37.24175132643601
991, 37.84143475307073
992, 38.13438558688948
994, 36.96889877319336
997, 37.0031528265895
998, 37.80279277544551
1000, 37.52429809535937
