1, 37.61964797973632
2, 37.905715769436206
4, 37.328397405703086
7, 37.58108232423799
8, 38.1801074292819
10, 39.05119028648701
13, 37.27402525255984
14, 38.1760368347168
16, 38.02974319458008
19, 38.48206589475929
20, 38.12103064786503
22, 37.28826010024821
25, 37.76614728115231
26, 39.8132954543812
28, 38.64632797241211
31, 37.44891728585815
32, 37.784841881315664
34, 38.09619233998408
37, 37.58979797363281
38, 38.014849003963725
40, 37.45194244384765
43, 37.687149036396
44, 38.08346832561713
46, 37.770140612929
49, 38.351166047989075
50, 37.759095220398095
52, 38.36790766955219
55, 38.63429260253907
56, 38.50904083251954
58, 38.02008136290838
61, 38.40250367769111
62, 37.37446575735695
64, 37.48147174445601
67, 37.90500429499764
68, 37.1899667670845
70, 38.29959106445312
73, 38.316636932317635
74, 38.32052444050592
76, 37.45912170410157
79, 37.81861495971679
80, 37.66555350390436
82, 38.39628947470736
85, 38.1225023141663
86, 37.72704560210293
88, 37.28555336293929
91, 38.374520844625955
92, 36.1873888575688
94, 37.36350376794003
97, 38.427350158868926
98, 37.10109608801637
100, 37.710147857666016
103, 38.092118723849374
104, 38.11378479003907
106, 38.20422509602835
109, 38.343490600585945
110, 37.32211685180663
112, 38.75085970597279
115, 38.800622340357116
116, 37.46032550957674
118, 37.775175489381255
121, 38.20277299931341
122, 38.915392837820114
124, 38.20336580960412
127, 37.67206118308857
128, 37.73039366649552
130, 37.71168899536132
133, 37.74245364521932
134, 37.90202566389499
136, 38.220680236816406
139, 38.291922151612816
140, 39.215856116159195
142, 37.423203058867735
145, 38.132607523267914
146, 37.306340201569405
148, 36.90272083269325
151, 38.37792161443159
152, 38.396603423457805
154, 37.91088828939096
157, 37.7334180912268
158, 38.562827751987044
160, 38.0225070205174
163, 37.7408067884392
164, 38.01753908194505
166, 36.4916852693469
169, 37.45190811157227
170, 38.83193239083501
172, 38.10609855131844
175, 38.33499239844645
176, 37.91406052323339
178, 37.660655975341804
181, 37.44196701049805
182, 37.229194688865235
184, 38.166562422072026
187, 37.84338030948263
188, 37.654347141688234
190, 38.865007306987046
193, 38.55236434936523
194, 36.68639502025932
196, 37.11986923217774
199, 37.81866409714579
200, 36.77159859919233
202, 37.919985016513735
205, 38.10356521606446
206, 38.27322011930473
208, 36.21698502017108
211, 38.01132202148438
212, 38.594339994574696
214, 39.02659225463868
217, 37.653523042353186
218, 38.060739792411646
220, 37.83497676588377
223, 38.2407341003418
224, 37.75654602050781
226, 37.76463109926912
229, 39.0474853515625
230, 37.216771867320475
232, 37.18167178770086
235, 38.06047058105469
236, 37.91511331128378
238, 38.37171930821069
241, 37.94978626647365
242, 36.89728546142578
244, 37.764395130486335
247, 38.340578820341086
248, 38.131014306818884
250, 38.435899039508996
253, 38.55118179321289
254, 37.83253506106956
256, 37.18215964378297
259, 37.65033589703068
260, 38.178997937985955
262, 37.13166687333254
265, 37.329078674316406
266, 37.48969411547258
268, 37.41277694702148
271, 38.1527049005005
272, 38.259132573609065
274, 38.25361857216595
277, 36.898879220963785
278, 37.11875534057617
280, 38.508987426757805
283, 37.92206263767291
284, 37.68414688110353
286, 37.52385841330335
289, 38.52971605248838
290, 37.9288330078125
292, 38.82695256840208
295, 38.024930364323694
296, 38.578521584859196
298, 37.727011815317844
301, 37.65023287139183
302, 37.88055079435165
304, 38.26414359512739
307, 36.811286928825425
308, 37.18801498413086
310, 38.90433587587461
313, 38.147831316775914
314, 38.32904462817371
316, 37.74191665649415
319, 38.03270486519412
320, 38.223674774169915
322, 37.9174919128418
325, 37.8005595327085
326, 37.81508636474609
328, 38.00039258210366
331, 37.413129057705504
332, 37.42725755788425
334, 37.619567871093736
337, 38.25807730915984
338, 39.02303499994423
340, 38.08116028476866
343, 38.585143785748365
344, 38.57151453428217
346, 37.17633897097706
349, 38.09340704756779
350, 39.471794128417976
352, 37.572995682457375
355, 37.53694375683677
356, 38.92388534545898
358, 38.39183160685466
361, 37.75498236729178
362, 37.70254530367128
364, 38.33888185455787
367, 37.6958995449027
368, 37.94217300415039
370, 38.310471075241566
373, 38.977163986008755
374, 39.95051999248224
376, 36.52603530883789
379, 38.49325118659519
380, 38.08160652137712
382, 39.27553939819336
385, 37.708411038365256
386, 36.89764022827149
388, 37.07646584538469
391, 36.96441650390625
392, 36.94642962547328
394, 38.01996641546571
397, 37.78371836213424
398, 37.43390714988909
400, 38.53788698347793
403, 37.66571426391602
404, 37.9623976929464
406, 39.260899627142635
409, 38.14674751858442
410, 37.28474710712522
412, 38.25623224277079
415, 37.05501174926758
416, 37.1654052734375
418, 37.80672073364257
421, 37.67112509836359
422, 36.70718698559725
424, 36.469713713934155
427, 38.00526297216477
428, 37.898108643351684
430, 37.97402572631837
433, 38.813680724123756
434, 38.49327087402344
436, 38.38639136752068
439, 37.82853751862334
440, 37.47285132211409
442, 37.52232267640226
445, 37.63324737548828
446, 37.934143862711565
448, 37.27692174498507
451, 38.427375793457024
452, 37.72900772094727
454, 39.33700180053711
457, 37.716141755752986
458, 38.2073748020332
460, 37.75685035209197
463, 37.52009587124149
464, 37.47059019237982
466, 37.66753466737608
469, 37.91830001895251
470, 37.726476408044846
472, 37.88365545972636
475, 37.56011874318279
476, 38.37828055218751
478, 38.34109215603514
481, 38.734875425128074
482, 36.52439430809416
484, 38.33318501693361
487, 37.857759704754
488, 38.17197354888075
490, 38.3067626953125
493, 37.461997484998115
494, 36.43033981323242
496, 37.960479736328125
499, 38.88335418701172
500, 38.66206500189463
502, 38.66677339064137
505, 37.59892436324563
506, 38.17041751435009
508, 37.32238147206096
511, 37.730350872053464
512, 37.98130416870117
514, 37.66098552168329
517, 38.16434338819552
518, 37.17528792020116
520, 37.97224426269531
523, 38.033701316084006
524, 38.952464476709316
526, 38.27328068737319
529, 37.988374873381176
530, 38.37372663691931
532, 38.53021240234374
535, 37.61380123583016
536, 39.69234245671365
538, 38.002762431071616
541, 37.65031361003558
542, 38.08247383165532
544, 36.703815460205085
547, 36.8308301801042
548, 37.35761348872667
550, 37.49504690928183
553, 38.051826418533054
554, 38.18642481980736
556, 37.60866114262461
559, 37.61289978027344
560, 38.02916197824788
562, 36.615081601721805
565, 37.8505139180805
566, 38.27653035102825
568, 38.0677565683543
571, 39.52061593607566
572, 37.88855269792991
574, 37.83936484985099
577, 38.79298782348633
578, 37.670757293701165
580, 38.589351654052734
583, 37.58129691027176
584, 37.96430235474028
586, 37.51337806770046
589, 38.31703015341412
590, 37.13023854976753
592, 37.49741573638273
595, 37.088634039815375
596, 37.81399420902572
598, 37.74874693234323
601, 38.121421117390575
602, 37.41603332319158
604, 38.068086445182125
607, 38.51737148163108
608, 37.93406019527246
610, 37.96885036477805
613, 37.946468353271484
614, 39.05018596415463
616, 37.831622215064314
619, 37.53226157072902
620, 37.90639837457152
622, 38.300627682464444
625, 37.89363479614258
626, 39.3708333624829
628, 37.55773525056287
631, 37.70608139038087
632, 37.39847332476978
634, 38.23899378873163
637, 37.000258186495266
638, 39.3894434667835
640, 37.419076782927704
643, 36.78659803375462
644, 38.1022071838379
646, 38.38105884939383
649, 38.05071824447057
650, 37.61281206228107
652, 38.252984378114576
655, 38.15482711791993
656, 37.36051549957385
658, 37.33090209960937
661, 37.27592028748826
662, 38.46543502807618
664, 38.1969928566685
667, 37.366462707519524
668, 37.62895846390895
670, 38.00908415806991
673, 38.58906431080888
674, 37.51844162983776
676, 36.97676932170689
679, 37.44209791386857
680, 37.99785232543945
682, 38.13631921417201
685, 37.80547443301479
686, 38.98221232986819
688, 37.334945384850066
691, 37.49435806274414
692, 37.27539957126351
694, 37.62005153844965
697, 38.29330384943281
698, 38.20098943762278
700, 37.39469295142585
703, 38.0758171081543
704, 37.43961424053857
706, 37.9189644330357
709, 38.39154815673828
710, 38.40778130209307
712, 37.147621154785156
715, 36.8097438721961
716, 38.135411933413586
718, 37.38066049996474
721, 38.659428730081416
722, 37.8508102150678
724, 37.24101880098691
727, 37.2917936716852
728, 37.62555263342325
730, 37.47501008437262
733, 37.401373552490575
734, 37.33941202301097
736, 37.52584764559724
739, 37.12992252777887
740, 39.0284051885941
742, 37.723068237304695
745, 37.88085071502688
746, 37.60652160644531
748, 38.33105032016918
751, 36.79686718460601
752, 37.33723044710791
754, 38.069134408873026
757, 37.942991840338884
758, 37.48889815431179
760, 37.78590953977989
763, 38.41858776618281
764, 38.9163722792318
766, 37.85767449626883
769, 38.53298531872007
770, 38.891503915597696
772, 37.63999238471867
775, 37.341129302978516
776, 37.29760360717773
778, 38.09865190213958
781, 37.29194259643555
782, 37.45161875610666
784, 38.82254028320312
787, 37.445829482409486
788, 37.853479752686994
790, 37.073022352555824
793, 37.85148239135743
794, 36.36744689941406
796, 37.109146118164055
799, 37.959138197035365
800, 37.60938880621191
802, 39.12863652187389
805, 38.33068738781291
806, 37.572103710529724
808, 38.94199371337891
811, 37.10498006746586
812, 37.76051699813389
814, 37.812496185302734
817, 37.74803161621094
818, 37.325370614062685
820, 37.987677713751786
823, 37.064927961373996
824, 38.016029707035784
826, 37.38338884432619
829, 38.04579284392573
830, 38.587955474853516
832, 37.34278803717443
835, 38.67305893392754
836, 38.037050890961105
838, 38.070155285141674
841, 37.79409790039062
842, 37.45527530434474
844, 37.85687261216847
847, 37.3481185683714
848, 37.41081739708399
850, 37.80415344238281
853, 37.07829621674641
854, 37.5036557944384
856, 38.56929277499538
859, 38.47966384887696
860, 36.73161662125095
862, 37.28146743774415
865, 37.71834572511121
866, 37.43994363924695
868, 38.173647099271115
871, 37.51939010620118
872, 38.29123030874279
874, 37.775038425560695
877, 38.96082784765233
878, 37.89546722767955
880, 37.87234684820342
883, 38.426115318140326
884, 37.97291154841725
886, 38.3228687956897
889, 37.751304626464844
890, 38.11202573239494
892, 38.51674270629883
895, 37.670494431939176
896, 36.65437400643256
898, 36.998749788924385
901, 38.696807861328125
902, 38.15451276573088
904, 37.57180404663086
907, 37.37456130981445
908, 38.087546267180116
910, 36.81711044166934
913, 37.97514141511078
914, 38.96807496674453
916, 37.733768825563004
919, 38.82794762595057
920, 37.65337744501053
922, 37.404891349208086
925, 38.44056226396972
926, 38.154133994351106
928, 37.25013271673957
931, 37.364543914794915
932, 37.707474005103144
934, 37.560602617971306
937, 37.533233642578125
938, 38.38373418576139
940, 37.50960159301758
943, 37.61273858642824
944, 38.662872314453125
946, 38.69822692871094
949, 38.11302975665126
950, 37.8126671423549
952, 37.85804940984909
955, 38.529364885450654
956, 37.84642382207543
958, 37.39537811279297
961, 36.954490661621094
962, 38.04381140116768
964, 38.219457421845874
967, 37.17976938425554
968, 38.15674980749901
970, 38.0584476397691
973, 38.32514496255991
974, 37.81938552856445
976, 37.292905860538724
979, 38.188304901123054
980, 37.53260747386902
982, 37.092689514160156
985, 37.90771392794149
986, 37.47739207507602
988, 37.77545894342131
991, 38.712417073784465
992, 38.648558445985856
994, 37.279257559954544
997, 38.26027019584394
998, 37.886416072794894
1000, 37.50934093276015
