1, 37.826643546538726
2, 38.238522767980534
4, 37.343296259840066
7, 37.561125422204896
8, 37.91205571616849
10, 38.66867860816912
13, 37.22765871699411
14, 38.176036834716804
16, 38.02974319458008
19, 38.139779710146556
20, 38.09196472167968
22, 36.821342583180595
25, 37.6672206101249
26, 39.16086238135535
28, 38.64632797241212
31, 37.64902460125236
32, 38.200667793375096
34, 37.97561236063421
37, 37.5897979736328
38, 38.3583092954462
40, 37.64104524002278
43, 37.75846503524348
44, 38.26397407162306
46, 37.17539656155934
49, 38.51293343093162
50, 37.657543069185465
52, 38.76130115307355
55, 38.63429260253906
56, 38.50904083251953
58, 38.15246233233738
61, 38.98330409327626
62, 37.78050267373182
64, 37.634028281720454
67, 37.577342798865104
68, 37.45099000957572
70, 38.299591064453125
73, 39.24892307462041
74, 38.27916691322771
76, 37.35193606648821
79, 37.929836482149184
80, 37.40109432684707
82, 38.514308234807295
85, 38.42018885845512
86, 37.902973361557116
88, 37.01135803027749
91, 38.210504994555116
92, 36.66004389169317
94, 37.41280177591857
97, 38.80366491953992
98, 36.771820068359375
100, 37.710147857666016
103, 38.21353591675428
104, 37.83367199090132
106, 38.21724601884834
109, 38.343490600585945
110, 37.33215698524933
112, 38.53347078023621
115, 38.57152923432457
116, 37.26372316142054
118, 37.84590816174495
121, 38.16676222004072
122, 39.07584478345325
124, 38.46988031045406
127, 37.469484824645676
128, 37.62545916522888
130, 37.71168899536133
133, 37.82128149593623
134, 38.04715896049859
136, 38.220680236816406
139, 37.82877696709725
140, 39.24551796856397
142, 37.75663040166796
145, 38.18367513528166
146, 37.100660134416245
148, 36.85774230957031
151, 38.23744510757217
152, 38.04578290983003
154, 37.99378190491708
157, 37.722076416015625
158, 38.02495570700769
160, 38.103132929370524
163, 37.96771552454987
164, 38.00916290283203
166, 37.02251436640196
169, 37.534287542759785
170, 38.00403363204819
172, 38.284105232566716
175, 38.59313945994701
176, 38.06219550351507
178, 37.6606559753418
181, 37.432879092844935
182, 37.20718001833478
184, 38.23578395955955
187, 37.54015775164797
188, 37.4463375840307
190, 39.09258417298434
193, 38.46063381161521
194, 36.22172369440551
196, 37.13305799440471
199, 38.11677951250668
200, 36.58501576393901
202, 37.88759846119027
205, 38.10356521606445
206, 38.0613016409311
208, 36.085295359573834
211, 37.83862463358222
212, 38.69058862043874
214, 39.01506892871102
217, 37.7762763768574
218, 38.16787279502042
220, 37.8737041488965
223, 38.28456169060463
224, 37.75654602050781
226, 37.47146841585457
229, 39.09735512294398
230, 37.36091127768798
232, 37.42865192836501
235, 38.060470581054695
236, 37.709014912288495
238, 38.28399043648814
241, 37.86303452943898
242, 36.89728546142579
244, 37.525924682617195
247, 37.84543948951063
248, 38.015464782714844
250, 38.33311501268982
253, 38.5511817932129
254, 37.989933013916016
256, 37.25561523437499
259, 38.13941498373256
260, 38.45031054235613
262, 36.813108903464375
265, 37.329078674316406
266, 37.427008256916665
268, 37.41277694702149
271, 37.841542240714176
272, 38.67945527593067
274, 38.365009686559574
277, 38.71426364622448
278, 37.118755340576165
280, 38.50898742675781
283, 37.87072947964233
284, 37.748730969123244
286, 37.506443211149055
289, 38.58348369274085
290, 37.9288330078125
292, 38.17825588025506
295, 38.063855933846796
296, 38.76181411743163
298, 37.72527920365826
301, 38.30429611791884
302, 37.752098754928134
304, 38.222625732421875
307, 36.435277048108304
308, 37.35902126660483
310, 38.36847670322468
313, 37.75091897064922
314, 38.38117693234398
316, 37.74191665649414
319, 37.97287710046133
320, 37.98796975796617
322, 37.89272141443213
325, 37.78449630737305
326, 37.8150863647461
328, 37.9065407698295
331, 36.97676002447161
332, 37.48700011980191
334, 37.69229742071732
337, 37.9621296132783
338, 39.39257726977445
340, 37.27318989668921
343, 38.74895267558576
344, 38.81922801838786
346, 37.84625393164762
349, 37.53700347411165
350, 39.07074183341589
352, 37.63798228959401
355, 37.30840697369934
356, 38.923885345458984
358, 38.270313826275
361, 37.77017174572577
362, 37.567774759175116
364, 38.13715419839118
367, 37.76889759518305
368, 37.94217300415039
370, 38.33401107788086
373, 38.8724340125379
374, 40.125528409312714
376, 36.5260353088379
379, 38.46245824683788
380, 37.939330160400615
382, 39.25223156082332
385, 37.48922408447306
386, 36.897640228271484
388, 36.88263702392579
391, 36.96441650390625
392, 36.99203575875034
394, 38.06575579113558
397, 37.19838963613415
398, 37.38240503555093
400, 38.803348366996126
403, 37.66571426391601
404, 38.20021345881826
406, 39.24518298733217
409, 38.021963590259666
410, 37.26077082647209
412, 38.58734130859376
415, 37.06578410608783
416, 37.16540527343749
418, 37.806720733642585
421, 37.69790217291943
422, 36.55693630864628
424, 37.89698491562176
427, 37.86306332594434
428, 38.17413975943735
430, 37.97402572631835
433, 38.37424668710635
434, 38.493270874023445
436, 38.55462362496696
439, 37.36552421747129
440, 37.916431112686006
442, 37.81841466533175
445, 37.73413407317185
446, 38.16215220739413
448, 37.44486798860397
451, 38.432505901102026
452, 37.72900772094726
454, 39.3370018005371
457, 37.70351028442383
458, 38.48081550011188
460, 37.7160205529232
463, 37.14070713936767
464, 37.686284010921945
466, 40.278421693107596
469, 37.80017646187779
470, 37.674311415361764
472, 37.81223781920306
475, 38.01744316485506
476, 38.038440323986535
478, 38.515296807708125
481, 38.968624114990234
482, 36.14245653152574
484, 37.6513398046194
487, 37.69359741348629
488, 37.77099040524803
490, 38.3067626953125
493, 37.97665842624201
494, 36.43033981323242
496, 37.96047973632812
499, 38.671166187975395
500, 39.1063047234948
502, 38.72101359391577
505, 37.91328701206236
506, 37.9833652846272
508, 37.12238804040082
511, 37.63375486372029
512, 37.98130416870117
514, 37.64326757138186
517, 37.60670404801436
518, 36.73902777079561
520, 37.93270723525324
523, 38.179902874286775
524, 39.48670727019827
526, 38.298196832553145
529, 38.006856706769504
530, 37.97772327092763
532, 38.500985833341204
535, 37.63519332749924
536, 37.702218344997036
538, 38.157284889926224
541, 37.50129704313731
542, 37.852503681025276
544, 36.70381546020507
547, 36.86806709587939
548, 37.30525536685136
550, 36.97066145182805
553, 37.883485225155965
554, 38.12507011939179
556, 37.26544928834058
559, 37.640942932769335
560, 38.3330338206838
562, 36.905310780363585
565, 38.30631537086254
566, 38.91130819162796
568, 37.79230493437
571, 39.20483177522997
572, 37.3762259651708
574, 37.510341871057946
577, 38.573038305137615
578, 37.67075729370117
580, 38.61487549682186
583, 37.76280181657747
584, 37.90592696859732
586, 37.53498734047472
589, 38.2098628419605
590, 37.47439874523915
592, 37.560787794724135
595, 36.965854412277935
596, 37.66991631389269
598, 37.53977580147424
601, 38.57573522352703
602, 37.18873794682354
604, 38.52296753776978
607, 38.95583116898918
608, 38.171117697441986
610, 38.159056233160726
613, 37.946468353271484
614, 39.0862022921629
616, 37.44520953997171
619, 37.837176170759875
620, 37.97589548131722
622, 38.39913650935214
625, 37.893634796142585
626, 38.95836102846454
628, 37.66646056940467
631, 37.70608139038086
632, 37.61448992411515
634, 38.16955383633695
637, 37.04451929410675
638, 39.67556473636901
640, 37.48390616309911
643, 36.790197079284816
644, 38.18474607877384
646, 38.20678470560574
649, 37.944405060445234
650, 37.173143118621184
652, 37.938353685382765
655, 38.154827117919915
656, 37.76459530430931
658, 37.330902099609375
661, 37.35686165708826
662, 38.465435028076186
664, 37.6974350758618
667, 37.50771625888872
668, 37.35644120590229
670, 38.51099471911414
673, 38.19141613384353
674, 37.51611709594726
676, 37.15897207941375
679, 40.402262416060026
680, 37.99785232543946
682, 38.18658447265625
685, 37.58657963906245
686, 38.750346070492455
688, 37.440532738077565
691, 37.49957119322409
692, 37.350531015296525
694, 37.81903623366183
697, 38.441975732842735
698, 38.29508238799101
700, 37.23347091674804
703, 38.10108478640754
704, 37.63730338766994
706, 37.98534524259951
709, 38.38131508655999
710, 38.46217732002608
712, 37.147621154785156
715, 37.331265265674034
716, 38.09913773917521
718, 37.39601135253905
721, 38.604038197498305
722, 38.19389431892997
724, 37.283610012164914
727, 37.11161409672332
728, 37.497359258432915
730, 37.354986905221416
733, 37.30208518852184
734, 36.91137324541875
736, 37.201919271593454
739, 36.95609844809427
740, 38.93183355450354
742, 37.72306823730469
745, 38.16396908605832
746, 37.67247604160226
748, 40.59524649299285
751, 36.55315766538311
752, 37.377098328700775
754, 38.2245277124765
757, 37.90606379265981
758, 37.43313217163085
760, 37.778585490918566
763, 38.62533020995155
764, 38.788441419571576
766, 37.75134864488392
769, 37.931917390323356
770, 38.74953008930198
772, 37.462444936506856
775, 37.33253343585718
776, 37.297603607177734
778, 38.400314069683375
781, 37.29194259643555
782, 37.43479574818929
784, 38.563564391139934
787, 37.77437303046315
788, 37.54348391621671
790, 36.95366497863983
793, 37.85148239135742
794, 36.367446899414055
796, 37.10914611816406
799, 38.30122253417669
800, 37.76292573842754
802, 38.811966039431745
805, 38.50393368127878
806, 37.80130724623195
808, 38.941993713378906
811, 37.61263056545728
812, 37.85603390813256
814, 37.81249618530273
817, 37.95032638271182
818, 37.43675646431217
820, 38.072849018558784
823, 37.201304601729454
824, 37.7890259617839
826, 37.33729909044545
829, 38.236304802248284
830, 38.58795547485351
832, 37.44329833984375
835, 38.010354180884455
836, 37.77026428997711
838, 38.20917611644148
841, 37.786126697209156
842, 37.534998693169534
844, 37.69844895850327
847, 37.86334284754977
848, 37.39231916690675
850, 37.821244300671765
853, 37.005732080544234
854, 37.73497948037808
856, 38.88302757902531
859, 38.538675465968346
860, 36.924120496638395
862, 37.28146743774414
865, 37.324005781806754
866, 37.23772942505676
868, 38.21008647811887
871, 37.51939010620117
872, 38.0857818456829
874, 37.568829284116724
877, 38.91647436581984
878, 37.74002755692477
880, 38.08492338392863
883, 38.92440385821831
884, 38.09162109939676
886, 38.227011327342865
889, 37.751304626464844
890, 37.737812655009776
892, 38.21421081954602
895, 37.58809253613381
896, 36.23473273222835
898, 37.47595740440876
901, 38.498681141628886
902, 38.49311023818895
904, 37.594671671149825
907, 37.37963615799481
908, 38.19258920031944
910, 36.75146791196804
913, 37.773693235549835
914, 39.19455437996169
916, 38.04133501418707
919, 38.542157897302715
920, 37.65071140218734
922, 37.2975067959584
925, 38.520012259320616
926, 38.080814270680364
928, 37.011909735942254
931, 37.36454391479492
932, 37.68822097778322
934, 37.19526617013259
937, 37.533233642578125
938, 38.19154040544964
940, 37.509225889394436
943, 37.75886094397108
944, 38.58716387859059
946, 38.831023754702294
949, 37.90448559034409
950, 37.66700962804416
952, 37.505401377643665
955, 38.29702118485177
956, 37.53226503090507
958, 37.39537811279297
961, 36.95449066162109
962, 38.18745683613322
964, 38.33195748893894
967, 37.37594511372473
968, 38.34894561767579
970, 37.708087378171584
973, 37.92920548290053
974, 37.81938552856446
976, 37.15817173908836
979, 38.188304901123054
980, 38.00995336175356
982, 37.09268951416015
985, 38.080952293884266
986, 37.56647769402314
988, 37.5310798494065
991, 38.48245234311869
992, 37.81602831264523
994, 37.44376108900097
997, 38.27863855285803
998, 37.36079835684055
1000, 37.4897183286566
