1, 1107287
2, 1051286
4, 1085408
7, 1046171
8, 1070941
10, 1085435
13, 1134016
14, 1126189
16, 1074688
19, 1043707
20, 1127088
22, 1053741
25, 1118487
26, 1003513
28, 1109374
31, 1115025
32, 1090422
34, 1098493
37, 1067465
38, 1185878
40, 1127566
43, 1021110
44, 1214436
46, 1086335
49, 1094556
50, 1103354
52, 1131338
55, 1090885
56, 1082372
58, 1108492
61, 1103476
62, 1021287
64, 1024105
67, 1104306
68, 1102936
70, 1230724
73, 1088660
74, 1190348
76, 1189480
79, 1144085
80, 1050477
82, 1096504
85, 1085790
86, 1174535
88, 1090099
91, 1081628
92, 1059925
94, 1142134
97, 1036005
98, 1131233
100, 989844
103, 1072824
104, 1084786
106, 1080288
109, 1072257
110, 1109888
112, 1052043
115, 1074577
116, 1139869
118, 1120589
121, 1040552
122, 1085687
124, 1078216
127, 1143748
128, 1058341
130, 1150223
133, 1102454
134, 1120908
136, 1079471
139, 1087772
140, 1053494
142, 1061185
145, 1070358
146, 1122275
148, 1163322
151, 1087914
152, 1107496
154, 1114497
157, 1035596
158, 1195914
160, 1044966
163, 1050414
164, 1087030
166, 1123405
169, 1010373
170, 1142619
172, 1098291
175, 1122760
176, 1165295
178, 1116838
181, 1107749
182, 1118449
184, 1172641
187, 1117875
188, 1098014
190, 1140962
193, 1092433
194, 1100428
196, 1130649
199, 1038925
200, 1118941
202, 1102114
205, 1088161
206, 1055759
208, 1171432
211, 1116013
212, 1129840
214, 1153864
217, 1094901
218, 1031141
220, 1166647
223, 1090412
224, 1131482
226, 1092382
229, 1111854
230, 1087277
232, 1167800
235, 1106267
236, 1104205
238, 1152316
241, 1028732
242, 1106305
244, 1093446
247, 1041781
248, 1100590
250, 1091040
253, 1130493
254, 1110554
256, 1117088
259, 1033260
260, 1087088
262, 1112831
265, 1020304
266, 1082845
268, 1129267
271, 1139171
272, 1009176
274, 1113849
277, 1166455
278, 1107621
280, 1086124
283, 1081194
284, 1108922
286, 1121607
289, 1188481
290, 1116170
292, 1117383
295, 1104796
296, 1130774
298, 1183233
301, 1059352
302, 1107708
304, 1110338
307, 1120993
308, 1132890
310, 1061206
313, 1082606
314, 1072641
316, 1129522
319, 1090913
320, 1096652
322, 1047156
325, 1032290
326, 1215643
328, 1098925
331, 1113943
332, 1139529
334, 1022425
337, 1141064
338, 1055586
340, 1153936
343, 1139712
344, 1088583
346, 1097637
349, 1077494
350, 1056832
352, 1114203
355, 1050204
356, 1057310
358, 1060330
361, 1116359
362, 1001114
364, 1085130
367, 1119343
368, 1090375
370, 1120734
373, 1148319
374, 1089426
376, 1089873
379, 1078466
380, 1111001
382, 1115030
385, 1080513
386, 1081642
388, 1067532
391, 1051809
392, 1083006
394, 1071999
397, 1083432
398, 1114271
400, 1061595
403, 1141683
404, 1041251
406, 1111073
409, 1050642
410, 1222857
412, 1090085
415, 1132437
416, 1167575
418, 1139665
421, 1073445
422, 1125896
424, 1083055
427, 1104500
428, 1065358
430, 1054671
433, 1073107
434, 1072796
436, 1111637
439, 1100519
440, 1118169
442, 1130517
445, 1112551
446, 1032007
448, 1058169
451, 1089261
452, 1093001
454, 1079722
457, 1110694
458, 1077907
460, 1074897
463, 1165321
464, 1118315
466, 1135171
469, 1091790
470, 1101834
472, 1142379
475, 1069108
476, 1067190
478, 1024188
481, 1056590
482, 1064212
484, 1067257
487, 1051493
488, 1043156
490, 1065605
493, 1099448
494, 1144916
496, 1128604
499, 1166557
500, 1067152
502, 1172228
505, 1108624
506, 1085626
508, 1039252
511, 1064141
512, 1102974
514, 1123748
517, 1117548
518, 1144451
520, 1109324
523, 1116364
524, 1006360
526, 1034779
529, 1071984
530, 1021261
532, 1096225
535, 1064825
536, 1108520
538, 1116384
541, 1089184
542, 1148304
544, 1137802
547, 1039382
548, 1089168
550, 1146773
553, 1116184
554, 1119474
556, 1030601
559, 1181408
560, 1088639
562, 1104955
565, 1120954
566, 1031707
568, 1096757
571, 1142384
572, 1170959
574, 1064947
577, 1093190
578, 1196503
580, 1189326
583, 1124139
584, 1136241
586, 1084215
589, 1081458
590, 1131455
592, 1140575
595, 1089753
596, 1088369
598, 1032440
601, 1097074
602, 1082618
604, 1149293
607, 1011970
608, 1045839
610, 1084922
613, 1125686
614, 1082189
616, 1118957
619, 1038730
620, 1150406
622, 1166612
625, 1052524
626, 1157244
628, 1070123
631, 1173932
632, 1187541
634, 1117027
637, 1074964
638, 1042799
640, 1046689
643, 1106699
644, 1048267
646, 1156706
649, 1109499
650, 1139093
652, 1161713
655, 1108235
656, 1128754
658, 1109142
661, 1131865
662, 1138840
664, 1133669
667, 1144836
668, 1112971
670, 1114685
673, 1102805
674, 1108740
676, 1157514
679, 1140793
680, 1139071
682, 966250
685, 1063770
686, 1114541
688, 1042155
691, 1073995
692, 1092162
694, 1104607
697, 1049050
698, 1094160
700, 1155271
703, 1164424
704, 1073980
706, 1050468
709, 1081321
710, 1018915
712, 1143768
715, 1128472
716, 1175303
718, 1151902
721, 1047425
722, 1103239
724, 1146541
727, 1108465
728, 1112476
730, 1088592
733, 1073640
734, 1049448
736, 1074401
739, 1024291
740, 1043186
742, 1064275
745, 1059856
746, 1099251
748, 1081548
751, 1067610
752, 1109884
754, 1040834
757, 1077847
758, 1048948
760, 1117617
763, 1049544
764, 1149600
766, 1075517
769, 1084280
770, 1093905
772, 1075004
775, 1081440
776, 1038982
778, 1088171
781, 1074232
782, 1060061
784, 1098249
787, 1076174
788, 1069919
790, 1106509
793, 1126094
794, 1143839
796, 1061848
799, 1067576
800, 1040136
802, 1121986
805, 1014256
806, 1066800
808, 1041504
811, 1070534
812, 1082068
814, 1145931
817, 1157779
818, 1089429
820, 1056853
823, 1024572
824, 1110568
826, 1057583
829, 1069818
830, 1120785
832, 1078051
835, 1079829
836, 1008989
838, 1102863
841, 1141047
842, 1127647
844, 1109678
847, 1104576
848, 1120141
850, 1050736
853, 1083603
854, 1138779
856, 1129733
859, 1094654
860, 1095079
862, 1067569
865, 1079611
866, 1042083
868, 1110662
871, 1065340
872, 1122264
874, 995452
877, 1121962
878, 1093286
880, 1082753
883, 1083813
884, 1132723
886, 1089529
889, 1090626
890, 1145707
892, 1159059
895, 1109852
896, 1032653
898, 1059671
901, 1115952
902, 1076475
904, 1085727
907, 1027653
908, 1147539
910, 1000658
913, 1102013
914, 1112079
916, 1012592
919, 1145721
920, 1048309
922, 1096667
925, 1050870
926, 1102850
928, 1066158
931, 1112354
932, 1094216
934, 1108184
937, 1069834
938, 1053777
940, 1162016
943, 1030663
944, 1124993
946, 1113973
949, 1082791
950, 1130570
952, 1063023
955, 1040939
956, 1008888
958, 1069367
961, 1110704
962, 1073286
964, 1079989
967, 1133614
968, 1135385
970, 1180725
973, 1164087
974, 1134144
976, 1067966
979, 1058029
980, 1073099
982, 1024200
985, 1165201
986, 1049776
988, 1063236
991, 1094956
992, 1119000
994, 1056597
997, 1117800
998, 1048414
1000, 1072415
