1, 1072756
2, 1037914
4, 1138931
7, 1085727
8, 984339
10, 1083477
13, 1095891
14, 1070401
16, 1119295
19, 1085771
20, 1031530
22, 1029063
25, 1093959
26, 1096998
28, 1098665
31, 1027246
32, 1065625
34, 953492
37, 1094991
38, 1060391
40, 1040727
43, 994400
44, 1089600
46, 1045406
49, 1064749
50, 1034669
52, 1020015
55, 1106742
56, 1082435
58, 1113272
61, 1068050
62, 1080978
64, 1068467
67, 1098501
68, 1013756
70, 1100059
73, 1002308
74, 1128822
76, 1014094
79, 1041248
80, 1100784
82, 1144353
85, 1135270
86, 1078663
88, 1121511
91, 1037475
92, 1101370
94, 1098932
97, 1081731
98, 1057645
100, 1074677
103, 1074273
104, 1087922
106, 1041940
109, 1024702
110, 1078981
112, 1057446
115, 1072278
116, 1091323
118, 1050900
121, 1064653
122, 1091306
124, 1147848
127, 1085622
128, 1047559
130, 1069829
133, 1099681
134, 1043960
136, 947116
139, 1022992
140, 1068242
142, 1054694
145, 1173121
146, 1070438
148, 1145970
151, 1058592
152, 1089348
154, 1053834
157, 1084691
158, 1100278
160, 1039663
163, 1161466
164, 1076633
166, 1053047
169, 1057827
170, 1110733
172, 1067901
175, 1079533
176, 1056488
178, 1011101
181, 1060353
182, 1030406
184, 1025627
187, 1067551
188, 1023646
190, 1105235
193, 1107771
194, 975530
196, 1028893
199, 1077840
200, 1070823
202, 991560
205, 1089882
206, 1092629
208, 1045604
211, 1041253
212, 1079894
214, 1036156
217, 1000174
218, 1069730
220, 1045057
223, 1094960
224, 1018469
226, 1050570
229, 1061538
230, 959106
232, 1099759
235, 1106170
236, 1089630
238, 1083444
241, 1041446
242, 1045264
244, 1017152
247, 1098473
248, 1123073
250, 1118011
253, 1048734
254, 1004479
256, 1100752
259, 1032974
260, 1022633
262, 1103162
265, 1068218
266, 1121017
268, 1110789
271, 1087032
272, 1091685
274, 1046487
277, 1064397
278, 1093239
280, 1033052
283, 1050441
284, 1130049
286, 1014257
289, 1043698
290, 1069165
292, 1023872
295, 1061547
296, 1050107
298, 1058506
301, 1161047
302, 1049977
304, 1046492
307, 1133578
308, 1083105
310, 1114230
313, 1233082
314, 1126169
316, 1055685
319, 1090266
320, 1047134
322, 1149427
325, 1063575
326, 1076617
328, 1109626
331, 1015990
332, 1085856
334, 1084510
337, 1098599
338, 1058491
340, 1032639
343, 1143930
344, 1009594
346, 1034797
349, 1144761
350, 1038501
352, 1041799
355, 1077566
356, 1038722
358, 1123678
361, 1053406
362, 1062674
364, 1100960
367, 998928
368, 1137228
370, 1069140
373, 1101692
374, 1098209
376, 1087757
379, 973373
380, 1079663
382, 1070126
385, 1131662
386, 1075476
388, 1128018
391, 1059647
392, 1059111
394, 1012386
397, 1107266
398, 1055743
400, 1204638
403, 1121424
404, 1071855
406, 1095159
409, 1106011
410, 1072663
412, 1075265
415, 1067054
416, 1093597
418, 1163073
421, 1070689
422, 1068103
424, 1049611
427, 1126308
428, 980692
430, 1095617
433, 989479
434, 1068274
436, 1035273
439, 1044444
440, 1051553
442, 966442
445, 967295
446, 1040313
448, 1059614
451, 1008203
452, 1062147
454, 1111045
457, 1058206
458, 1054280
460, 1044126
463, 1038557
464, 1062011
466, 1038107
469, 1112653
470, 1123050
472, 1068559
475, 952774
476, 1181808
478, 1043603
481, 1142744
482, 1182570
484, 1100376
487, 995502
488, 1064536
490, 1003686
493, 1091688
494, 1029282
496, 1009172
499, 1097899
500, 1066480
502, 1046796
505, 1098964
506, 1039429
508, 962111
511, 1046462
512, 1032547
514, 1053668
517, 1072645
518, 1040091
520, 1010449
523, 1082637
524, 1125515
526, 1100666
529, 1088954
530, 1074207
532, 1003309
535, 1113502
536, 1114759
538, 1085206
541, 1091165
542, 1035470
544, 1041381
547, 999161
548, 1035632
550, 1012822
553, 1012102
554, 1043874
556, 1121439
559, 1041179
560, 1037089
562, 1083321
565, 1124256
566, 1020212
568, 1062339
571, 1036955
572, 1056374
574, 1056854
577, 1070533
578, 1087472
580, 1067827
583, 1043260
584, 1138741
586, 1087200
589, 1100168
590, 1111339
592, 1115903
595, 1080163
596, 1040030
598, 1062393
601, 1101914
602, 1064609
604, 1112567
607, 1033830
608, 1195537
610, 1077698
613, 1045924
614, 1019198
616, 1021742
619, 1094837
620, 985428
622, 1091344
625, 1020936
626, 1095974
628, 1093688
631, 1041459
632, 1068006
634, 1006268
637, 1055855
638, 1148598
640, 1026348
643, 1036884
644, 1082702
646, 1065867
649, 975619
650, 1093126
652, 1119875
655, 1088205
656, 975777
658, 1094652
661, 1091133
662, 1037912
664, 1049135
667, 1058185
668, 1106328
670, 1090436
673, 1059244
674, 1043608
676, 1000429
679, 1083417
680, 1110978
682, 1049674
685, 1031238
686, 1042203
688, 977054
691, 1078737
692, 1112163
694, 1102063
697, 1066418
698, 1038700
700, 1062747
703, 978465
704, 994182
706, 1095643
709, 1096815
710, 1037986
712, 1029550
715, 1019785
716, 1115900
718, 1063678
721, 1026675
722, 1067181
724, 969943
727, 1057397
728, 1070756
730, 1102290
733, 1155702
734, 1043392
736, 1054694
739, 1078401
740, 1132324
742, 1072452
745, 1137708
746, 1069339
748, 1078920
751, 1106604
752, 1092044
754, 1025243
757, 1047094
758, 1056585
760, 1047625
763, 1077305
764, 1038028
766, 1114585
769, 1094162
770, 1044306
772, 1046958
775, 1079602
776, 1076038
778, 994800
781, 1101172
782, 1120414
784, 1061530
787, 1046529
788, 1040840
790, 1115183
793, 1029725
794, 1115227
796, 976267
799, 1081234
800, 976813
802, 1042984
805, 1094573
806, 1040537
808, 1087516
811, 1108463
812, 1044052
814, 1094065
817, 1077660
818, 1105951
820, 1003912
823, 1073073
824, 1055352
826, 1052487
829, 1112440
830, 1102642
832, 1064837
835, 1085449
836, 1042831
838, 1071284
841, 1032437
842, 1035621
844, 997185
847, 1041193
848, 1043063
850, 1129561
853, 1055800
854, 1000882
856, 1078739
859, 1035518
860, 973441
862, 1099647
865, 990254
866, 1135937
868, 981873
871, 1098202
872, 1111404
874, 1082472
877, 1054135
878, 1001639
880, 1089681
883, 1030660
884, 1047020
886, 1058669
889, 1148410
890, 1103230
892, 1072499
895, 1058381
896, 1054688
898, 1113752
901, 1073883
902, 1019375
904, 1040296
907, 1098981
908, 1041558
910, 1025810
913, 1075810
914, 1095954
916, 1107348
919, 1060982
920, 1006413
922, 975080
925, 1053822
926, 1058101
928, 1145584
931, 1051331
932, 1140822
934, 1095926
937, 1095678
938, 1089453
940, 1074860
943, 1074761
944, 982003
946, 1111749
949, 1054709
950, 1063622
952, 1070952
955, 1111561
956, 1151215
958, 1107785
961, 1108114
962, 1114867
964, 1000617
967, 1098483
968, 1057100
970, 1019418
973, 1014296
974, 1082781
976, 1009767
979, 1054424
980, 1056033
982, 1053601
985, 1102857
986, 1093029
988, 1153809
991, 1055499
992, 1074910
994, 1074410
997, 1076496
998, 1071305
1000, 1031001
