1, 39175904.592514195
2, 41188550.467995584
4, 38232380.419219404
7, 40906147.428314306
8, 43399963.81815532
10, 39010904.25800056
13, 39372584.900006264
14, 42474785.34445898
16, 44257367.337917656
19, 45375147.971032694
20, 42033964.56952352
22, 40591985.687322
25, 40480557.10036598
26, 39197770.59459332
28, 41399723.52403297
31, 42064531.47697998
32, 40450348.65539971
34, 39801674.164865494
37, 41972951.431703836
38, 39779882.60661169
40, 40567813.685718164
43, 41559126.38561264
44, 43293074.6872554
46, 43420249.47781541
49, 40550150.91608394
50, 40635454.798202835
52, 40369332.118156016
55, 42352169.59420112
56, 40961332.68974447
58, 40689139.03560749
61, 41856013.85032437
62, 39565024.66976467
64, 40220734.17486885
67, 42003067.284870304
68, 40981715.91520748
70, 45705196.17841128
73, 39712106.10030716
74, 39853578.54069895
76, 41984835.4122153
79, 42634632.99174843
80, 40871982.37646606
82, 42548090.9818297
85, 42269422.16600426
86, 44967994.34316552
88, 44009022.34082921
91, 42372114.49241862
92, 40984061.880065635
94, 42145892.81221161
97, 41779169.24613959
98, 40202990.23238549
100, 39899686.83819157
103, 37542021.872358344
104, 39395679.17043827
106, 41610887.06578784
109, 41046090.94982421
110, 39172739.72262827
112, 39444637.583207265
115, 42260745.39393004
116, 40753008.0717233
118, 43156805.436288506
121, 38214462.584987104
122, 39509158.7359546
124, 42282553.00868191
127, 42228035.66085059
128, 42249234.40928135
130, 42636876.82943281
133, 41825174.685916625
134, 40315118.667042755
136, 41195556.48951964
139, 40815846.59099403
140, 41655221.70846757
142, 39035139.74984552
145, 39541618.262765996
146, 41532324.83491161
148, 40733148.1776027
151, 39905812.35116534
152, 40190363.88982184
154, 42157325.074277945
157, 39230193.494621865
158, 43877311.36244222
160, 40715382.614183515
163, 41423761.95149274
164, 39277290.147984944
166, 41339922.6098263
169, 39985095.57356584
170, 42338474.40410109
172, 40779873.26863404
175, 42212627.422943816
176, 42056252.77677681
178, 41585922.560874365
181, 40589073.832872994
182, 41303617.39468437
184, 44173121.49094549
187, 42132659.16657568
188, 39152634.20824515
190, 42026743.85922586
193, 42508233.44558135
194, 40866138.720848866
196, 43222447.156705774
199, 41686058.70603653
200, 39954582.95094499
202, 40826520.81837598
205, 43531572.990739815
206, 40397639.937682785
208, 42637229.73871067
211, 42164395.811452016
212, 41820728.67696734
214, 43818901.87500488
217, 39849643.953492686
218, 40326078.53668077
220, 43068632.79098508
223, 41481797.08260406
224, 43342612.28767522
226, 40348787.75954535
229, 42425095.08786786
230, 42549800.069266744
232, 40714875.55394438
235, 40504559.94209422
236, 40200554.25543892
238, 42599191.90671867
241, 40510794.992612876
242, 43401162.30368313
244, 42457472.59287898
247, 40247314.80990681
248, 41755370.0743051
250, 45564430.762397684
253, 44846493.25525617
254, 41221174.48052847
256, 40237126.14966273
259, 41588530.50668931
260, 40321572.19605249
262, 39578166.0774872
265, 40291773.23444382
266, 40554851.823010966
268, 41018594.43411638
271, 42012940.32554637
272, 40076195.78850429
274, 42984779.488736615
277, 42420301.058562204
278, 42243209.0540729
280, 41628449.57276661
283, 41833997.07142162
284, 42710058.697302215
286, 41994281.61434801
289, 40590520.353922084
290, 42171843.9541683
292, 44671683.12490568
295, 39908153.1038094
296, 42267292.18124016
298, 42762576.1096919
301, 40429431.902636506
302, 40581490.950549
304, 39192676.72222499
307, 39901660.835957475
308, 42785760.3571762
310, 40468450.191344105
313, 42315287.418659054
314, 40768326.822359405
316, 43639791.82227843
319, 43759591.45652844
320, 41394730.07866019
322, 40288988.23832072
325, 38258687.425187476
326, 40760968.36649042
328, 40825104.593141824
331, 40909750.08157388
332, 40319566.60885998
334, 40493281.88737161
337, 40654283.47517197
338, 40170805.12972556
340, 45178867.321295284
343, 43229183.1655011
344, 41505786.9670276
346, 43014564.90433157
349, 42400550.28570819
350, 39927840.3225632
352, 39637455.384940475
355, 41451288.80881186
356, 41933467.60331141
358, 41552073.65962699
361, 41067032.940283485
362, 40735332.80139395
364, 40378291.45431122
367, 41189231.047990955
368, 42868480.024854206
370, 42319834.453852706
373, 41835036.25370993
374, 42474121.93032511
376, 37958049.046808235
379, 43531949.24938203
380, 40345012.796109125
382, 41058460.348957956
385, 39623695.482071914
386, 38739164.55324785
388, 38877979.71628532
391, 39966779.00017754
392, 41059201.59024983
394, 40346980.16274231
397, 40314517.74566057
398, 40937789.64044233
400, 43490731.703318745
403, 42112669.53885554
404, 38034322.03582053
406, 47907629.138692364
409, 39433525.77861707
410, 43156589.076218255
412, 42774935.32931905
415, 40653057.17932878
416, 42033757.05475097
418, 43139925.86417138
421, 41371675.15968387
422, 41808676.83298259
424, 40266557.65981334
427, 42732557.03437677
428, 38135844.79063171
430, 39829228.0502268
433, 40720889.34783533
434, 44613454.36288742
436, 41429241.42591934
439, 37792356.89673706
440, 38614993.7305462
442, 38202016.701900244
445, 44475470.120218925
446, 40252289.92943765
448, 40157590.702212065
451, 42907963.06757
452, 39771056.28553043
454, 44258975.54684818
457, 42480460.636343256
458, 38386187.87493463
460, 41211636.63904075
463, 39526438.03723486
464, 41765568.07784089
466, 44676293.80817781
469, 39517547.74112328
470, 42754468.99285408
472, 43118577.735244885
475, 42062073.2930266
476, 40012740.31784469
478, 42431551.370430574
481, 42602739.94200019
482, 40143258.780117124
484, 42545380.97555056
487, 38760144.36019878
488, 42635062.42548881
490, 40133999.36721677
493, 39380793.59698553
494, 39825672.8061893
496, 41147359.37324502
499, 44430710.70487387
500, 38534946.909936026
502, 42697929.31044347
505, 40134206.74544116
506, 40105038.11750297
508, 43101990.08285411
511, 40491454.28267526
512, 43333182.0397296
514, 39809315.88878114
517, 44219003.51097267
518, 42953844.2386395
520, 42303934.16896162
523, 42080151.833907165
524, 39342756.436350524
526, 38322780.85309196
529, 41330129.08020679
530, 41378715.26705669
532, 41625588.00120241
535, 39736201.20011502
536, 42912055.82603863
538, 41551329.17804351
541, 41025901.0325952
542, 43929369.9861838
544, 40056077.6080916
547, 38889882.951281376
548, 39940297.941626795
550, 39875619.164580256
553, 40776591.269155495
554, 43776749.3992655
556, 39747917.28975498
559, 43102128.59024583
560, 38836892.05803616
562, 38050593.33652103
565, 39905931.044766776
566, 39719631.898039214
568, 41367442.277098
571, 44065667.76385885
572, 42216392.64535045
574, 39571069.25100601
577, 40426704.26955531
578, 43539094.46176753
580, 42886399.20051097
583, 42227201.00624625
584, 40265955.210179664
586, 40868905.56991954
589, 41390294.02346189
590, 39421549.67563872
592, 39758199.01817247
595, 39452375.749869004
596, 41657755.367636554
598, 40516264.07544696
601, 40877122.246657714
602, 41211640.481602944
604, 42262730.22824953
607, 39424169.94189834
608, 38682806.28665905
610, 41670368.44304921
613, 42846994.31074237
614, 39815205.82104118
616, 44991307.3805149
619, 38763687.542548254
620, 44262350.734900825
622, 40791460.684008636
625, 38763797.91219376
626, 43281461.280408114
628, 42878695.69907512
631, 42216171.47332937
632, 42650225.35587496
634, 40525248.17343112
637, 38703384.46500768
638, 42244751.89779437
640, 35847620.48108825
643, 40793066.16362068
644, 41631887.05591042
646, 42983475.14156049
649, 41663293.25600202
650, 41321333.67265919
652, 41224066.105346665
655, 42196550.69783774
656, 41138070.19645625
658, 40942465.35891344
661, 41747894.94942022
662, 45736684.70869667
664, 42049314.4949636
667, 41491930.07934149
668, 42686556.158097945
670, 44213335.14521468
673, 43903677.70343846
674, 39005923.643486366
676, 42305649.83300924
679, 40485282.07986567
680, 42380441.85203767
682, 39498053.785732985
685, 41613905.1222127
686, 45155153.05554976
688, 38373600.64998032
691, 40087734.02587446
692, 39876734.594050325
694, 40292451.567606546
697, 41138200.76064661
698, 40218210.28804669
700, 41459513.40734993
703, 42125405.80733813
704, 39734150.03187528
706, 42072922.74185958
709, 36953807.85494217
710, 39868402.5406596
712, 43232675.936692014
715, 40180506.9221723
716, 42778070.61449095
718, 42256954.98532146
721, 40126425.92411678
722, 39536712.04336808
724, 41045865.510370456
727, 38704542.41291009
728, 39759611.88534224
730, 38819460.66881211
733, 40931158.15666112
734, 42699317.3486799
736, 37057758.79466961
739, 39738456.69653109
740, 41765249.193090774
742, 40460023.00312446
745, 39271745.86520815
746, 39013391.0519108
748, 40638320.78253761
751, 38327043.740524665
752, 42929707.30710176
754, 39892694.62187415
757, 40197863.41736094
758, 39778024.771454975
760, 41304135.145023875
763, 39265350.82964606
764, 44124802.8457097
766, 42623617.26966794
769, 41604846.75096196
770, 40087122.598879814
772, 42826635.15206183
775, 41432315.631842755
776, 41218892.56856529
778, 41012377.076863796
781, 39984740.4847017
782, 38771060.97515318
784, 44793382.726879396
787, 41345542.26302972
788, 40351524.39267046
790, 41246591.1043286
793, 39325621.67286157
794, 39050814.31495082
796, 41349602.5660982
799, 39552534.7953273
800, 40374255.11467997
802, 43572588.89614679
805, 39148740.41141077
806, 37295374.27063268
808, 40224128.47759197
811, 39486168.08703716
812, 40394437.16917308
814, 42333990.41725053
817, 41342099.547460645
818, 40579664.064528644
820, 40355873.46656246
823, 39261446.93497073
824, 42347607.46615642
826, 39821830.54695603
829, 40361229.57721162
830, 42138747.27870047
832, 41077350.31816487
835, 41614038.52295188
836, 41112437.40846601
838, 43346272.04626256
841, 42701885.13113686
842, 41700023.11496079
844, 40087285.710249096
847, 40244256.56644159
848, 40728654.67294958
850, 38375045.26580414
853, 42120399.82179478
854, 40644121.27181191
856, 45543774.00390967
859, 38792535.23262484
860, 40195858.92834142
862, 41318339.081639655
865, 40420826.256786495
866, 39348793.88244902
868, 44485771.109562345
871, 39296234.60244083
872, 42159738.01938523
874, 41274274.40338838
877, 41896402.81441324
878, 40140085.31652034
880, 38721641.02736183
883, 42663361.30896279
884, 40898414.316447504
886, 47044193.36950214
889, 41921306.544632904
890, 39729038.03048276
892, 42680723.686891556
895, 39144451.521463424
896, 38111078.242603056
898, 37223209.5400223
901, 42620118.093634374
902, 43867167.377535634
904, 40833086.02381073
907, 38213909.24037555
908, 41518667.06847706
910, 36895985.64779174
913, 42814661.99089147
914, 41748442.10689677
916, 37616429.25648752
919, 41042414.14407349
920, 41368237.47007918
922, 40842039.585511014
925, 41508509.007435545
926, 41304345.97971508
928, 40355817.61070806
931, 41504458.927654706
932, 38475693.53793334
934, 42624755.701723315
937, 40001460.68734417
938, 41609410.83439544
940, 40952701.7803031
943, 38983355.866576195
944, 43122243.028028265
946, 42178641.83011301
949, 43514311.35336874
950, 42296787.941962436
952, 40894617.52683776
955, 40433238.861749455
956, 40610845.109681115
958, 37891634.10000587
961, 40008051.36385334
962, 41909798.10176445
964, 45327686.04449019
967, 39776344.09068677
968, 44279116.91128594
970, 43963026.62805946
973, 42141437.72360984
974, 41810984.990356006
976, 41601705.55089236
979, 42713414.31018772
980, 39203080.80654888
982, 39199446.08095279
985, 42430082.93472646
986, 42419399.60440369
988, 40156962.85434909
991, 43719278.41273376
992, 39902224.22726007
994, 40346288.67270738
997, 42704311.68720489
998, 40032154.92960843
1000, 41802795.73198574
