1, 38.32191449757664
2, 38.17433734424059
4, 37.71159913133755
7, 37.18330123534072
8, 38.710485090371904
10, 37.56652512589099
13, 37.94162345025441
14, 38.17480035278186
16, 37.62047576904297
19, 38.5726432800293
20, 38.34635283803017
22, 37.72188577005348
25, 37.64108900275845
26, 40.38482035035785
28, 37.870734196975675
31, 36.399284362792976
32, 37.06781768798828
34, 38.21609346862989
37, 37.85090496822317
38, 37.498920042438414
40, 37.21196630454026
43, 37.92746645728526
44, 37.85249253987518
46, 37.69993126271237
49, 37.8310135634193
50, 37.9788703918457
52, 36.821903620882054
55, 39.22769431413062
56, 38.31839072367405
58, 38.76062530120658
61, 36.94906290120802
62, 36.22823064733683
64, 37.80606952466362
67, 38.97859527608223
68, 37.38013458251954
70, 38.88405606726554
73, 38.365877455412615
74, 37.535930436654596
76, 36.67374149617545
79, 38.16027069091797
80, 38.20544999978494
82, 38.035406982839326
85, 37.72565848820606
86, 37.21684482940841
88, 38.23471589063301
91, 38.89679300675208
92, 37.228163493992525
94, 37.05290269245474
97, 37.44578950214788
98, 37.96427651650826
100, 36.89765382187561
103, 38.071229004982726
104, 37.89398193359375
106, 38.26204633835899
109, 38.57971635075554
110, 38.6060700732557
112, 37.956729198402435
115, 37.79304213601034
116, 37.16003710145762
118, 38.07867960051827
121, 38.923181269951755
122, 39.539669610806044
124, 37.34014810257489
127, 38.34527877731256
128, 38.11175155639648
130, 37.10943287331262
133, 37.85790793743326
134, 38.110453917271066
136, 38.487743377685554
139, 40.851569741885584
140, 37.18562135762971
142, 37.77776718139649
145, 37.80610628649602
146, 37.44319075665345
148, 37.83557196275069
151, 37.917000841555165
152, 37.833956237924625
154, 38.160836807404166
157, 39.2162791488384
158, 37.49202272277307
160, 37.45066149748202
163, 37.08970455815302
164, 39.11811646143305
166, 37.321873974891616
169, 37.8904273135669
170, 38.52252578735352
172, 38.08115005493164
175, 37.815526959433726
176, 37.18724149215696
178, 38.44803765577958
181, 37.49884519620506
182, 37.472274777608504
184, 37.236940823108746
187, 38.70937325111281
188, 37.83269040707514
190, 37.46037673950195
193, 39.30892095811488
194, 37.56129918084338
196, 36.35945650633134
199, 38.3635872119467
200, 37.99164808184705
202, 38.98549475176392
205, 38.54542185278159
206, 39.05357200189639
208, 37.64810542743285
211, 37.090701545502306
212, 38.13298994502707
214, 38.978067944508204
217, 38.016013585547384
218, 37.694518606020495
220, 37.53370577866024
223, 38.0373947384856
224, 37.81358845911704
226, 37.41948743894662
229, 38.53137809281473
230, 37.653892021286694
232, 37.20055020130998
235, 38.88604480821852
236, 37.62175674675376
238, 38.945255279541016
241, 38.680869868648266
242, 36.68822337006466
244, 37.9107666015625
247, 38.0842218826755
248, 38.13423973078943
250, 37.58157618880716
253, 38.225775804011846
254, 37.325144182851666
256, 38.01717183740455
259, 37.086639404296875
260, 37.49179747609903
262, 37.21039894812389
265, 37.58808898925781
266, 36.80665377993906
268, 37.68925438192109
271, 38.57660293579101
272, 39.20639417813504
274, 36.760201338556996
277, 38.28355972337907
278, 37.06002749737275
280, 37.57534784826489
283, 37.193565062869595
284, 39.53631126893325
286, 36.93751525878906
289, 37.82189556965166
290, 37.58391734315958
292, 39.67071329192383
295, 38.10307312011719
296, 37.576609349781585
298, 39.23696735830731
301, 37.46036620523169
302, 37.32495164444404
304, 37.60161696924873
307, 37.74390199544715
308, 36.69276439295261
310, 37.96174968651309
313, 37.20752157727056
314, 38.7590210634356
316, 38.738052386408285
319, 37.81662445511182
320, 38.684085845947266
322, 38.12949594543015
325, 37.97622609881153
326, 37.639840758461894
328, 38.69362638053314
331, 37.60775454118548
332, 37.459754797864804
334, 37.30139003756668
337, 37.92321493849705
338, 38.28645887291334
340, 38.033947130742284
343, 39.792188409176774
344, 38.307731628417976
346, 37.16659164428712
349, 38.90874997381898
350, 38.4272219323506
352, 37.17344665527343
355, 37.4432699397818
356, 38.84516536487404
358, 36.97040767016811
361, 37.93076705932618
362, 38.443166897928144
364, 38.764026066865775
367, 36.51416272284783
368, 36.59722900390625
370, 39.04404461699511
373, 36.990425109863274
374, 38.88631760130376
376, 37.76774041863936
379, 37.398902893066406
380, 38.69188690185547
382, 38.265764218805586
385, 37.43023549360901
386, 36.91290283203124
388, 38.25729370117188
391, 37.38438867379671
392, 37.403287424357714
394, 37.04651249317424
397, 39.22221501355679
398, 37.72476959228516
400, 38.08591533126887
403, 38.2624486204439
404, 37.2853236108034
406, 37.59894501114362
409, 35.99808346178224
410, 37.108366804385334
412, 38.38020874213693
415, 36.635306627573485
416, 36.645974450824184
418, 38.30298222125221
421, 37.492373288083655
422, 37.88069460108147
424, 38.4873741623664
427, 37.52824783325195
428, 37.40474319458008
430, 38.587241146692804
433, 37.538870641972
434, 36.75228737894548
436, 37.91375060119253
439, 36.678511909459694
440, 37.011614231946766
442, 37.77722595985367
445, 37.563424213952125
446, 38.48273096645974
448, 37.01392528097319
451, 37.883043612442876
452, 37.580308227375546
454, 39.44318008422852
457, 39.18355664058309
458, 37.36604590122363
460, 38.11860758222853
463, 36.79832616918236
464, 38.08400177781595
466, 38.44407932317848
469, 37.82299682536477
470, 37.13567498922012
472, 38.45601105370249
475, 38.20273099657613
476, 38.17405059283332
478, 36.69833683480489
481, 37.25227737426758
482, 37.963798541085815
484, 38.93485394654878
487, 38.42253251087117
488, 37.98897812449965
490, 38.80571171444697
493, 38.28456355810781
494, 37.709959239060844
496, 38.352496054157236
499, 34.38709690976745
500, 38.50402705954181
502, 37.55627420321358
505, 37.25519561767578
506, 37.54811069805481
508, 35.88879350044752
511, 37.74975044728744
512, 37.73712517219587
514, 37.51455687320802
517, 37.6387446392246
518, 37.1523828254226
520, 36.92538833618165
523, 37.08226259204948
524, 38.375648498535156
526, 37.949716219472506
529, 37.75389827741182
530, 37.89797496414897
532, 38.163750812117335
535, 37.70346731313525
536, 37.632024499630155
538, 37.05952072143555
541, 38.325696159492225
542, 37.093859361513736
544, 37.36719431390904
547, 37.21533657828681
548, 37.15345982619093
550, 39.134150595568194
553, 38.288028717041016
554, 37.9915450141659
556, 37.15122348351572
559, 38.459617384493455
560, 38.32405853271484
562, 36.77569870032062
565, 38.05976104736329
566, 38.199273991107795
568, 39.22207870449049
571, 38.83288536062813
572, 38.3636470104648
574, 38.18518449231636
577, 37.51892852783203
578, 37.27543616550512
580, 37.60973194327869
583, 37.96799403546909
584, 37.94034056735899
586, 37.11617731297193
589, 39.32760660066641
590, 37.22356655914253
592, 37.27442389930307
595, 37.52989582706683
596, 37.63309860229493
598, 38.00648880004883
601, 37.01365280151367
602, 37.66447494010215
604, 36.063831687605074
607, 38.23916910645484
608, 37.68546338130064
610, 37.76842458146081
613, 37.634626619465976
614, 38.55653390208916
616, 37.939896783303695
619, 37.57150470747438
620, 38.127604086778064
622, 37.62153694472325
625, 38.14033322610669
626, 39.60480961105248
628, 38.43907928466797
631, 37.97377014160156
632, 36.613191732086854
634, 39.241026596208876
637, 37.21789514550725
638, 39.92984390258789
640, 37.52740650965877
643, 38.12801440851365
644, 38.11102207870736
646, 38.09014046164505
649, 37.56402154299644
650, 37.28569822353948
652, 38.079770333734444
655, 37.81681442260742
656, 38.03658888022346
658, 36.83154296874999
661, 36.2305346038684
662, 37.76480484008788
664, 38.42169137889616
667, 38.41897979349896
668, 38.15045783308787
670, 37.54590219045031
673, 38.668749587946955
674, 38.16013291164879
676, 36.37157680525602
679, 38.022615190610765
680, 39.06951952521988
682, 37.32277562116826
685, 37.95554733276368
686, 38.7550988242231
688, 37.62015825722979
691, 38.54762645212925
692, 37.31916299767855
694, 38.87289336916442
697, 37.52146065147215
698, 37.673258470674675
700, 37.678328176865215
703, 37.773130427163174
704, 37.053817749023445
706, 38.390323638916016
709, 38.088823588891344
710, 38.354420297965575
712, 37.24587825597871
715, 36.498012669939236
716, 37.78682162586839
718, 37.05564154261053
721, 38.0614891052246
722, 36.39927838216333
724, 38.110670233201034
727, 37.252505914111154
728, 37.94629478022615
730, 38.03632343253587
733, 36.19292369400709
734, 38.487739562988274
736, 37.84292780789923
739, 37.523956587967554
740, 39.91199910302339
742, 38.29673167786501
745, 37.787114901324784
746, 36.89539296637762
748, 37.80779237100342
751, 36.919988910387865
752, 37.67101330647805
754, 36.764514757407156
757, 37.320078000922635
758, 38.762206381862214
760, 36.78905487060547
763, 38.40457417838118
764, 38.47829983570465
766, 38.019070313279926
769, 38.285459845999426
770, 39.33239364624023
772, 39.26573573854081
775, 38.13012172960945
776, 36.57393328552185
778, 40.07813126183801
781, 36.89262142984553
782, 37.18273155014446
784, 39.2870750427246
787, 37.118285934886046
788, 37.99779081550977
790, 37.34211565677975
793, 37.631785582298605
794, 36.35531626495436
796, 37.42124898555076
799, 36.36551666259765
800, 37.57474899291992
802, 37.81304800981479
805, 39.12196871733307
806, 37.085149137496785
808, 38.240528106689446
811, 38.806785797958604
812, 37.31461328825108
814, 37.68901443481446
817, 38.54890638556829
818, 37.74480328997318
820, 38.542844614887734
823, 37.50626185788623
824, 38.04335403442382
826, 37.00510025024413
829, 37.09215882518339
830, 38.48718985272349
832, 36.54900969809812
835, 39.64469145270844
836, 38.312714260124956
838, 37.308551255516285
841, 37.02742767333985
842, 37.61026763916015
844, 38.70788886425472
847, 37.00819675255763
848, 38.216985092238545
850, 38.44858428506886
853, 36.58571133949051
854, 37.66623423377451
856, 37.14217533710331
859, 37.328821084890684
860, 36.413083494968724
862, 37.64249038696289
865, 38.23593688815996
866, 37.462463723802365
868, 38.52634272698802
871, 36.89137749444887
872, 38.27029852060828
874, 37.93494033813475
877, 38.108931442328746
878, 37.29026604739345
880, 37.380515243837
883, 38.436878661593184
884, 37.481120666799455
886, 37.68903296955865
889, 37.46535110473632
890, 37.88653342993742
892, 37.15306028331347
895, 38.26371670086572
896, 38.015350661853894
898, 38.31051947994734
901, 38.83032226562501
902, 36.86366442782061
904, 37.097184624468944
907, 38.39221212745403
908, 38.678177421045135
910, 37.080252907996915
913, 39.4570780685038
914, 38.76661865760532
916, 36.79821140408125
919, 38.39850686180304
920, 38.11224069607696
922, 37.65072629370652
925, 38.04899215698243
926, 36.887121396940586
928, 37.48954822746495
931, 37.48967366958632
932, 38.11568444346118
934, 37.65068360286871
937, 38.777571044806386
938, 38.06518557559599
940, 37.3823492896311
943, 38.646200545157626
944, 38.662496940432824
946, 38.301738440065705
949, 37.69015052081523
950, 37.648441437101795
952, 38.25564773388891
955, 38.95240545487873
956, 38.923038482666016
958, 39.06362262736598
961, 37.98460509105229
962, 37.54154074025465
964, 38.332569731590596
967, 37.928783189869264
968, 37.556090241769766
970, 38.53154708664069
973, 39.17458724975587
974, 38.227251398647105
976, 37.50921267154661
979, 37.8223451330371
980, 37.814585576214824
982, 37.37797781906401
985, 37.293415902494985
986, 38.031725878374516
988, 38.25978330044335
991, 37.76024970195304
992, 44.9357565882172
994, 36.562994493643984
997, 37.27734800880937
998, 39.02651596069336
1000, 37.33966016412869
