1, 1166778
2, 1093975
4, 1148936
7, 1121849
8, 1204790
10, 1075892
13, 1085239
14, 1124204
16, 1104271
19, 1156899
20, 1097422
22, 1165226
25, 1132542
26, 1085720
28, 1081294
31, 1149652
32, 1020808
34, 1124733
37, 1160589
38, 1114167
40, 1120138
43, 1086184
44, 1092616
46, 1040889
49, 1100424
50, 1091995
52, 1169432
55, 1136114
56, 1090813
58, 1135310
61, 1027589
62, 1144641
64, 1171395
67, 1067254
68, 1034605
70, 1083531
73, 1132081
74, 1029185
76, 1070863
79, 1146256
80, 1110630
82, 1084622
85, 1079820
86, 1120176
88, 1125887
91, 1070923
92, 1108723
94, 1135181
97, 1067424
98, 1061948
100, 1170424
103, 1141249
104, 1113360
106, 1044156
109, 1164986
110, 1191428
112, 1042337
115, 1061360
116, 1147681
118, 1017173
121, 1098850
122, 1184100
124, 1065925
127, 1129580
128, 1193726
130, 1065413
133, 1118859
134, 998735
136, 1104844
139, 1216548
140, 1097534
142, 1174282
145, 1115602
146, 1109555
148, 962097
151, 1052120
152, 1109851
154, 1039910
157, 1167521
158, 1051174
160, 1122399
163, 1101118
164, 1078398
166, 1149085
169, 1141456
170, 1013130
172, 1062960
175, 1057023
176, 1081009
178, 1155298
181, 1121730
182, 1190475
184, 1079905
187, 1124658
188, 1139407
190, 1147249
193, 1120826
194, 1048455
196, 1154093
199, 1045284
200, 1080712
202, 1092281
205, 1104321
206, 1132208
208, 1083552
211, 1142579
212, 1028176
214, 1130483
217, 1122507
218, 1098340
220, 1062706
223, 1074884
224, 1111241
226, 1116786
229, 1127200
230, 1091230
232, 1090281
235, 1142519
236, 1123257
238, 1129789
241, 1067686
242, 1063563
244, 1116946
247, 1060291
248, 1110754
250, 1040445
253, 1062134
254, 1035953
256, 1045023
259, 1155958
260, 1057187
262, 1065373
265, 1187227
266, 1124557
268, 1099379
271, 1144490
272, 1135335
274, 1133700
277, 1064439
278, 1107280
280, 1119604
283, 1084869
284, 1050235
286, 1093100
289, 1116927
290, 1112683
292, 1218314
295, 1089444
296, 1150920
298, 1137567
301, 1173080
302, 1106987
304, 1072362
307, 1092223
308, 1081934
310, 1063703
313, 1150429
314, 1108332
316, 1118224
319, 1136218
320, 1026289
322, 1089174
325, 1149028
326, 1089415
328, 1154903
331, 1079767
332, 1104300
334, 1083171
337, 1109213
338, 1151914
340, 1060357
343, 1052072
344, 1048128
346, 1119803
349, 1072884
350, 1078883
352, 1104325
355, 1116887
356, 1147951
358, 1081521
361, 1102223
362, 1123494
364, 1147906
367, 986314
368, 1030542
370, 1193882
373, 1076066
374, 1188364
376, 1082206
379, 1084287
380, 1131821
382, 1071405
385, 1128723
386, 1042068
388, 1092976
391, 1044743
392, 1076479
394, 1123763
397, 1064082
398, 1003231
400, 1130719
403, 1005094
404, 1131980
406, 1150612
409, 1043867
410, 1113132
412, 1087622
415, 1131773
416, 1078478
418, 1120209
421, 1070930
422, 1021944
424, 1136564
427, 1089443
428, 1098024
430, 1086864
433, 1158851
434, 1064382
436, 1000631
439, 1176869
440, 1046836
442, 1137403
445, 1122480
446, 1087838
448, 1124068
451, 1072547
452, 1142178
454, 1122112
457, 1076287
458, 1097999
460, 1082786
463, 1046391
464, 1150440
466, 1125269
469, 1134492
470, 1096486
472, 1090012
475, 1049024
476, 1067835
478, 1110084
481, 1151377
482, 1092017
484, 1128411
487, 1174648
488, 1066807
490, 1100659
493, 1107738
494, 1114660
496, 1061006
499, 1065423
500, 1170660
502, 1063312
505, 1073391
506, 1114549
508, 1106163
511, 1031916
512, 1083041
514, 1123412
517, 1020541
518, 1017237
520, 1165199
523, 1195683
524, 1119761
526, 1096892
529, 1144282
530, 1025534
532, 1062506
535, 1102074
536, 1022893
538, 1127047
541, 963720
542, 1116510
544, 1121942
547, 1087151
548, 1185598
550, 1078671
553, 1116707
554, 1146991
556, 1064319
559, 1049118
560, 1055109
562, 1123974
565, 1037606
566, 1080823
568, 1148058
571, 1047513
572, 1101955
574, 1031462
577, 1145769
578, 1082685
580, 1030990
583, 1118550
584, 1088803
586, 1115532
589, 1094494
590, 1021840
592, 1099716
595, 1084140
596, 1054969
598, 1057013
601, 1145727
602, 1083038
604, 1162801
607, 1005015
608, 1200155
610, 1066285
613, 1132095
614, 1058922
616, 1016380
619, 1140363
620, 1099242
622, 1051146
625, 1022903
626, 1067459
628, 1193918
631, 1120849
632, 1145805
634, 1145632
637, 1113933
638, 1109236
640, 1108968
643, 1140818
644, 1139629
646, 1063201
649, 1165110
650, 1068162
652, 1078647
655, 1130886
656, 1113566
658, 1096882
661, 1048286
662, 1041866
664, 1070203
667, 1088636
668, 1075364
670, 1099443
673, 1143676
674, 1106799
676, 1075083
679, 1061887
680, 1133784
682, 1120928
685, 1149133
686, 1109467
688, 1094124
691, 1118734
692, 1124797
694, 1090430
697, 1164253
698, 1090514
700, 1134308
703, 1081107
704, 1134949
706, 1148613
709, 1073118
710, 1105319
712, 1138147
715, 1199456
716, 1083956
718, 1072207
721, 1046668
722, 1095784
724, 1156130
727, 1172530
728, 1066325
730, 1063558
733, 1081694
734, 987909
736, 1165065
739, 1121153
740, 1039480
742, 1055354
745, 1138583
746, 1101221
748, 1147614
751, 1140046
752, 1000933
754, 1095823
757, 1156966
758, 1078710
760, 1098643
763, 1033309
764, 1093446
766, 1106384
769, 1097982
770, 1157027
772, 1171025
775, 1160499
776, 1085626
778, 1105556
781, 1055201
782, 1076521
784, 1117038
787, 1154598
788, 1048961
790, 1052797
793, 1104726
794, 1128570
796, 1232110
799, 1140368
800, 1174085
802, 1078454
805, 1081143
806, 1145473
808, 1099306
811, 1069305
812, 1076781
814, 1020800
817, 1116254
818, 1081898
820, 1039709
823, 1104942
824, 1157898
826, 1038121
829, 1044536
830, 1192493
832, 1132069
835, 1135136
836, 1132194
838, 1096991
841, 1144312
842, 1086039
844, 1145083
847, 1154176
848, 1116267
850, 1065255
853, 1092714
854, 1195469
856, 1031828
859, 1102487
860, 1131614
862, 1011698
865, 1044204
866, 1129208
868, 1176566
871, 1075458
872, 1099945
874, 1164788
877, 1157280
878, 1143221
880, 1171410
883, 1080305
884, 1167162
886, 1118321
889, 1152205
890, 1134586
892, 1147090
895, 1144698
896, 1067271
898, 1162137
901, 1063428
902, 1076570
904, 1116431
907, 1124153
908, 1092658
910, 1132028
913, 1145676
914, 1149496
916, 1071984
919, 1045244
920, 1120345
922, 1150966
925, 1109623
926, 1145555
928, 1088299
931, 1083246
932, 1066392
934, 1017752
937, 1054055
938, 1129059
940, 1079277
943, 1136606
944, 1064341
946, 1106151
949, 1124117
950, 1086359
952, 1146108
955, 1078512
956, 1062125
958, 1089347
961, 1074087
962, 1133155
964, 1101375
967, 1116732
968, 1065940
970, 1118882
973, 1051692
974, 1109337
976, 1178794
979, 1123272
980, 1119366
982, 1043633
985, 1143062
986, 1099608
988, 1103415
991, 1056802
992, 1083536
994, 1117716
997, 1101741
998, 1132888
1000, 1092110
