1, 1079533
2, 1105826
4, 1125712
7, 1097211
8, 1088304
10, 1092517
13, 1091647
14, 1075941
16, 1137532
19, 1095086
20, 1046184
22, 1121473
25, 1124593
26, 1098825
28, 1140531
31, 1096700
32, 1046479
34, 998422
37, 1130585
38, 1077869
40, 1073616
43, 1010680
44, 1037372
46, 1061110
49, 1133005
50, 1031168
52, 1037883
55, 1111805
56, 1107949
58, 1157498
61, 1029061
62, 1071341
64, 1173799
67, 1112010
68, 1106951
70, 1101926
73, 1095611
74, 1117426
76, 1019671
79, 997840
80, 1080857
82, 1091515
85, 1077675
86, 1043063
88, 1129320
91, 1043779
92, 1054277
94, 1103797
97, 1052380
98, 1084757
100, 1016506
103, 1061892
104, 1051969
106, 1101351
109, 1114437
110, 1100235
112, 1109059
115, 1098134
116, 1074955
118, 1090368
121, 1020166
122, 1120378
124, 1120599
127, 1069519
128, 1043353
130, 1118493
133, 1091215
134, 1057977
136, 1049228
139, 1182741
140, 1102415
142, 1097176
145, 1117128
146, 1094594
148, 1087120
151, 1047083
152, 1132673
154, 1044930
157, 1137929
158, 1118936
160, 1103966
163, 1127629
164, 1068336
166, 1085204
169, 1099704
170, 1117432
172, 1076958
175, 1109798
176, 1026871
178, 1100960
181, 1111812
182, 1125998
184, 1088941
187, 1103055
188, 1096639
190, 1075322
193, 1059330
194, 1079905
196, 982896
199, 1054115
200, 1112578
202, 1069158
205, 1094060
206, 1129556
208, 1079332
211, 1101020
212, 1105997
214, 1073869
217, 1044458
218, 1027428
220, 1088810
223, 1112427
224, 1072073
226, 1099649
229, 1027886
230, 1090943
232, 1101851
235, 1151193
236, 1083989
238, 1064375
241, 1078806
242, 980220
244, 1052943
247, 1126106
248, 1108306
250, 1124240
253, 1039235
254, 1000411
256, 1136635
259, 1022420
260, 1071774
262, 1117873
265, 1071794
266, 1058381
268, 1098278
271, 1102283
272, 1098404
274, 1032702
277, 1071643
278, 1108077
280, 1078087
283, 1105611
284, 1104264
286, 1080109
289, 1046360
290, 1114785
292, 1019491
295, 1033444
296, 1124735
298, 1131462
301, 1063196
302, 1088621
304, 1068691
307, 1084173
308, 1096870
310, 1070589
313, 1060416
314, 1106814
316, 1043885
319, 1089803
320, 1166422
322, 1111700
325, 1096297
326, 1020532
328, 1121599
331, 1072343
332, 1098020
334, 1056418
337, 1080130
338, 1095549
340, 1031079
343, 1124797
344, 1052098
346, 1123983
349, 1111072
350, 1133195
352, 1089371
355, 1071261
356, 1056411
358, 1057520
361, 1011396
362, 1094814
364, 1108281
367, 1078255
368, 1063902
370, 1117217
373, 1106156
374, 1097939
376, 1074479
379, 989659
380, 1094125
382, 1158165
385, 1149226
386, 1137949
388, 1071024
391, 994185
392, 1063675
394, 1095171
397, 1092485
398, 1080667
400, 1102371
403, 1176919
404, 1130884
406, 1156211
409, 1064232
410, 1165488
412, 1091737
415, 1192297
416, 1107544
418, 1125239
421, 1163425
422, 1094587
424, 1136901
427, 1112856
428, 1057710
430, 1178716
433, 985014
434, 1030265
436, 1026705
439, 1072434
440, 1090056
442, 1055697
445, 1131788
446, 1078459
448, 1080444
451, 1139101
452, 1103409
454, 1106077
457, 1092446
458, 1031964
460, 1059332
463, 1105040
464, 1094905
466, 1109325
469, 1060703
470, 1177342
472, 1087706
475, 1087350
476, 1145822
478, 1000773
481, 1064379
482, 1110521
484, 1133259
487, 1095107
488, 1107722
490, 1064468
493, 1086135
494, 992493
496, 1065393
499, 1135995
500, 1097500
502, 1061334
505, 1094353
506, 1052076
508, 967720
511, 1030089
512, 1116908
514, 1037609
517, 1134615
518, 1042922
520, 1128908
523, 1070209
524, 1145924
526, 1247723
529, 1064618
530, 1054480
532, 1018611
535, 1066118
536, 1048935
538, 1029859
541, 1163576
542, 1085843
544, 1084048
547, 1130639
548, 1082479
550, 1082053
553, 1104407
554, 1077847
556, 1075658
559, 1021470
560, 1070947
562, 1085990
565, 1119298
566, 1095315
568, 1045559
571, 1051868
572, 1051256
574, 998816
577, 1111822
578, 1012613
580, 1099025
583, 1076951
584, 1127142
586, 1040982
589, 1094941
590, 1099439
592, 1103033
595, 1154774
596, 1070749
598, 1058524
601, 1049332
602, 1017961
604, 1161307
607, 1100998
608, 1085258
610, 1117323
613, 1093615
614, 1056358
616, 1157428
619, 1066166
620, 997647
622, 1132331
625, 1062022
626, 1040936
628, 1139209
631, 1068592
632, 1097173
634, 1086300
637, 1102078
638, 1211403
640, 1022819
643, 1114483
644, 1021517
646, 1088617
649, 963971
650, 1094075
652, 1130299
655, 1057839
656, 1009459
658, 1101839
661, 1104521
662, 1138376
664, 1035561
667, 1078234
668, 1122726
670, 1087091
673, 1106608
674, 1148917
676, 968258
679, 1201642
680, 1046900
682, 1144404
685, 1077979
686, 1062082
688, 1151640
691, 1133032
692, 1060246
694, 1121666
697, 1058681
698, 1035390
700, 1054330
703, 1039467
704, 1108943
706, 1015039
709, 1086158
710, 1095512
712, 1060020
715, 1056026
716, 1138897
718, 1055737
721, 1090901
722, 1164566
724, 1029428
727, 1086194
728, 1019746
730, 1059726
733, 1159224
734, 1063300
736, 1086697
739, 1105935
740, 1064434
742, 1065201
745, 1092878
746, 1037458
748, 1066810
751, 1134599
752, 1056740
754, 1070271
757, 1054690
758, 1082653
760, 1070172
763, 1166596
764, 1019435
766, 1124542
769, 1059940
770, 996865
772, 1080683
775, 1034066
776, 1104323
778, 1067790
781, 1099190
782, 1083491
784, 1119746
787, 1087452
788, 1134628
790, 1066096
793, 1053877
794, 1108294
796, 1048986
799, 1085526
800, 1008061
802, 1066748
805, 1142316
806, 1052822
808, 986353
811, 1110010
812, 1068736
814, 1068911
817, 1114196
818, 1109698
820, 996504
823, 1078847
824, 1125420
826, 1106171
829, 1137276
830, 1024124
832, 1062511
835, 1074960
836, 1129027
838, 1052438
841, 1069680
842, 1082581
844, 1005653
847, 1122405
848, 1081391
850, 1131390
853, 1065552
854, 1015982
856, 1157920
859, 1087776
860, 1062160
862, 1123817
865, 1089769
866, 1071808
868, 1046357
871, 1044037
872, 1107011
874, 1042389
877, 1115368
878, 1116493
880, 1152505
883, 1147252
884, 1086455
886, 1021261
889, 1111226
890, 1082037
892, 1131653
895, 1113415
896, 1031274
898, 1160791
901, 1109444
902, 1059100
904, 1105865
907, 1085481
908, 1064540
910, 1115298
913, 1051387
914, 1117490
916, 1091632
919, 1044229
920, 1015761
922, 1081963
925, 1015536
926, 1086428
928, 1074762
931, 983654
932, 1137637
934, 1090785
937, 1173725
938, 1159589
940, 1057738
943, 1080237
944, 1021096
946, 1093780
949, 1024795
950, 1071097
952, 1040670
955, 1111053
956, 1106107
958, 1119063
961, 1102007
962, 1055538
964, 1039571
967, 1083198
968, 1055103
970, 1023672
973, 1090118
974, 1140859
976, 1001486
979, 1050751
980, 1013964
982, 1080188
985, 1041408
986, 1102266
988, 1075462
991, 1102623
992, 1070617
994, 1072901
997, 1148462
998, 1078134
1000, 1074881
