1, 43330195.632383406
2, 42263935.88801777
4, 43951106.79763921
7, 41030933.8847716
8, 45864892.951669455
10, 42238543.087152794
13, 40133741.32725846
14, 43621558.1441807
16, 41930271.416141994
19, 43379977.08080466
20, 41898138.44545261
22, 43193323.17115146
25, 42887944.56521541
26, 41300900.65909608
28, 41611951.068839185
31, 42140298.294507295
32, 38431665.2926608
34, 41962892.32678493
37, 41615369.93015433
38, 41493040.370877735
40, 43232322.10486686
43, 43022376.361683786
44, 42179618.16559412
46, 38705991.60551224
49, 43486614.59872004
50, 40953349.87211454
52, 46430172.16877719
55, 44446669.02721205
56, 43101862.95871544
58, 43491955.73616699
61, 40519462.945409454
62, 42704580.78135387
64, 44819712.072560236
67, 41229195.46274787
68, 39183600.19593541
70, 41052183.30194204
73, 44633038.531811
74, 38061038.014736235
76, 39767070.04332224
79, 43946778.66828752
80, 41384531.418241754
82, 42083442.42769175
85, 41922731.371686384
86, 42468836.432643116
88, 42528534.20093461
91, 41218568.326931044
92, 41586934.157993
94, 41888982.43449723
97, 41576040.863386534
98, 39417849.08621531
100, 44677838.08940594
103, 43105291.751725346
104, 40946547.99911837
106, 39883557.121595114
109, 44463263.04799879
110, 43812793.518616565
112, 40305740.785276294
115, 40522850.27391572
116, 43722139.21882414
118, 37702265.04196005
121, 42826382.55191361
122, 46144130.893033765
124, 39837919.52757008
127, 42518690.325289086
128, 45632129.012376964
130, 40136895.043079965
133, 41982347.785561815
134, 39301052.85351793
136, 42354383.41223764
139, 45969181.81162329
140, 42490851.162092
142, 44977402.33274056
145, 42258306.83411187
146, 42387283.19461911
148, 36615771.21903411
151, 40728257.250860155
152, 42677391.57788373
154, 39965702.64236441
157, 43975532.45622966
158, 39841107.96549814
160, 42807895.15368602
163, 41653357.38747056
164, 41508028.48873259
166, 42042717.41136421
169, 43332775.824566744
170, 39687533.706721395
172, 40781266.07065377
175, 40452061.89981028
176, 41190237.69654558
178, 42683138.5223533
181, 41779133.28594276
182, 44091428.74589964
184, 40623510.97313199
187, 42427195.61877763
188, 42125264.715854965
190, 44934750.17461085
193, 44124171.4463189
194, 38305489.205593064
196, 44712604.90233861
199, 39750005.743325636
200, 39991907.399353966
202, 42343924.1038456
205, 43130141.39459187
206, 42521994.41866706
208, 40090837.87905949
211, 41848417.401433565
212, 39571556.39280283
214, 44218048.87779505
217, 42233042.4237228
218, 41430229.673640974
220, 39711483.50923499
223, 41275538.672232084
224, 42200731.63395517
226, 41057476.03097527
229, 44239598.71614597
230, 40428078.005988955
232, 39967436.98662605
235, 43493271.085049815
236, 42357365.62676765
238, 42926281.220777616
241, 40514779.025682
242, 39071893.020388894
244, 43436098.643726476
247, 39646842.37239795
248, 41876790.09686566
250, 40002779.37608361
253, 41357631.75829928
254, 39207786.7756169
256, 39764982.88486498
259, 43378266.912985906
260, 40658890.50723059
262, 39449292.53133601
265, 43602770.50498914
266, 41402469.47743269
268, 40971918.9353883
271, 43480790.68156836
272, 43908532.72454153
274, 43323732.35245558
277, 41571189.87974894
278, 40874018.65616883
280, 42363202.79679784
283, 39443837.291045174
284, 39121143.29034678
286, 39826801.06786371
289, 42928391.81624001
290, 42100019.56945544
292, 46643203.38468768
295, 42166927.2525727
296, 44901543.942424215
298, 43607845.603595346
301, 45180687.79663998
302, 41774236.100884244
304, 40666678.99235679
307, 39672340.32159603
308, 40129018.61937037
310, 40456484.45102529
313, 43577132.23951346
314, 42650501.844114475
316, 42722140.93603607
319, 42609541.20096167
320, 42887662.674746074
322, 40879420.48458893
325, 42694893.20121249
326, 41592932.26486182
328, 44280014.951331526
331, 40278589.91265633
332, 41433491.50905585
334, 41374966.738506965
337, 42722244.20101578
338, 45150387.04534871
340, 37811560.19840674
343, 40728758.9203191
344, 40960784.28600264
346, 42592227.78947134
349, 40045046.3276883
350, 42097130.41121452
352, 42838704.056265324
355, 42097510.87737092
356, 44911550.51644441
358, 41324217.12456802
361, 41608655.34543161
362, 42716447.14468319
364, 43877281.06084464
367, 36628025.76589976
368, 35902759.522187196
370, 45451658.613232486
373, 41433053.551970325
374, 46550413.80557504
376, 39512721.215107374
379, 40483525.074815646
380, 42873902.75922226
382, 41742221.055071265
385, 41179997.64067852
386, 39170836.934876
388, 40599021.52574632
391, 37982303.8277313
392, 39894160.965541914
394, 42642559.27833805
397, 39068341.71108256
398, 38350009.7992776
400, 42741057.7808186
403, 38162812.827734664
404, 43689986.9888718
406, 44578635.23740718
409, 38949020.13734551
410, 40865390.122949585
412, 43116928.011945054
415, 42265702.699218474
416, 39693268.33759239
418, 42038957.73205912
421, 39979485.675697535
422, 37102316.05856032
424, 41720809.27357318
427, 41383509.93113886
428, 41461630.96868864
430, 40509475.43500678
433, 43751981.295199305
434, 40941217.53694243
436, 38179714.30040519
439, 42854922.49259967
440, 40368352.12142633
442, 43001174.343141764
445, 42680973.06800555
446, 41738450.42690459
448, 41263102.859954506
451, 40595883.91440806
452, 43728436.88198746
454, 43205511.5600055
457, 40806566.58780337
458, 42524689.43006617
460, 39773596.47556043
463, 38050698.05488285
464, 44432851.74679966
466, 41889751.61004489
469, 43058704.41553878
470, 41315754.06122408
472, 40777727.83515159
475, 39869266.140150025
476, 40930854.34360378
478, 42820580.70914741
481, 42891441.11197045
482, 40095140.83854651
484, 41177808.26266111
487, 43700726.98063778
488, 38827693.75668221
490, 43107538.16765388
493, 43043914.490047246
494, 40802104.66606128
496, 39813803.56843023
499, 41915925.06836655
500, 45730077.42654475
502, 40861782.1704524
505, 41267995.76804885
506, 41938190.64533849
508, 41108529.56606384
511, 40322260.76594663
512, 41026773.31205845
514, 42578090.806387015
517, 37518810.15166574
518, 37923199.151129834
520, 43827027.434150964
523, 44619449.95614523
524, 45044531.69740446
526, 42769465.84987179
529, 43429527.260384895
530, 38945532.75769296
532, 41904555.393467225
535, 41610831.383811325
536, 38518077.28927815
538, 42862227.780656785
541, 36395715.31991161
542, 42355213.25340838
544, 41952284.150991656
547, 39838624.79903162
548, 44909723.58092642
550, 39990221.61520963
553, 41604564.57659199
554, 43920903.34663387
556, 39319053.29213626
559, 38540903.4031659
560, 40957523.413230434
562, 41559354.984303944
565, 39831617.22604949
566, 41969321.5181209
568, 42261121.6015571
571, 41294667.80819354
572, 40082364.92797863
574, 37969545.58227268
577, 44945499.63361031
578, 39476320.82370695
580, 39252268.73356829
583, 43251832.52953114
584, 41886141.55431591
586, 42491163.01229793
589, 41494650.7317002
590, 38802800.78397834
592, 41381975.061440684
595, 40164880.989679106
596, 39961740.35877909
598, 39627626.26879159
601, 43447658.81873595
602, 40596893.726993024
604, 42605997.96965526
607, 40015530.35612562
608, 44978887.78332574
610, 40765874.14113795
613, 42637097.25601259
614, 41102178.048412174
616, 38395946.32926814
619, 43937570.96912048
620, 40735500.54389976
622, 39527903.77440352
625, 38333988.66286384
626, 39562779.21448964
628, 45849772.89389369
631, 42562862.70001898
632, 43069049.80778956
634, 44510413.34741584
637, 42257524.95697614
638, 42880279.64600678
640, 40996732.76578813
643, 41615390.96002694
644, 44238940.70850585
646, 39838694.80834124
649, 43554877.8848195
650, 40627977.764609955
652, 40471598.147715166
655, 42340055.311577864
656, 42163527.744158715
658, 41897724.83489584
661, 39085234.344906926
662, 39866617.19643498
664, 40186868.69144318
667, 41186875.68398069
668, 40513194.818831354
670, 42719431.78088553
673, 44228534.98762454
674, 41931452.67695725
676, 39041715.574363366
679, 41825927.879426695
680, 43547328.5335236
682, 42895575.178558856
685, 43616003.52543782
686, 44098407.302260645
688, 40377934.99071983
691, 41149498.19451893
692, 41483336.77438919
694, 41354072.94553295
697, 44493326.58317748
698, 42445977.81367088
700, 42019778.1176621
703, 42631283.719688244
704, 43660655.458297364
706, 44329654.157299764
709, 41029808.38334668
710, 42011540.8003377
712, 42990866.04117335
715, 45776848.681897834
716, 40791619.41713517
718, 39729717.12969683
721, 40298244.06756792
722, 40701703.5688499
724, 41742784.55473719
727, 42565048.16360747
728, 38888525.38307132
730, 39344548.16724407
733, 40392998.223659955
734, 36810487.376478106
736, 43240827.97369132
739, 40628242.851636976
740, 40239198.0075329
742, 39191497.24466724
745, 43647572.488848485
746, 41756342.1117174
748, 44382872.50099014
751, 42194660.472420946
752, 38420607.560743384
754, 41610078.409302436
757, 44351678.49243741
758, 41398176.883426875
760, 40809500.4631218
763, 40269149.75097434
764, 42920820.764156505
766, 41700315.35595775
769, 41180329.94727766
770, 44285822.76807749
772, 42926371.10647615
775, 42257559.99164324
776, 41103038.611226685
778, 43378855.54619287
781, 38605279.67699603
782, 39997826.6293259
784, 42424932.50659458
787, 43870504.29204012
788, 39153419.35217765
790, 38133121.192240104
793, 42091974.30118132
794, 40871097.74236902
796, 46619134.7435301
799, 43478264.90630711
800, 43573134.99950182
802, 40748526.39937167
805, 41842770.320815705
806, 44635084.66868592
808, 43174946.52895785
811, 40809785.71936607
812, 40094521.61508368
814, 39054736.70156592
817, 41743240.127289556
818, 40703880.10594933
820, 39376426.466613114
823, 41937310.301906005
824, 43996568.07965989
826, 38460066.96151093
829, 41253231.07017263
830, 46092712.86494022
832, 42392276.35233336
835, 42097043.6071437
836, 42556988.78192217
838, 43036621.52457559
841, 43101664.135511324
842, 41151695.7789706
844, 44359334.11477023
847, 43397812.910888456
848, 41997503.62002341
850, 40430273.774086624
853, 40057773.92189606
854, 44756598.04307871
856, 39873484.356113724
859, 42270105.38557928
860, 41480511.61887505
862, 37775101.55885477
865, 39390322.88897047
866, 43318126.26880538
868, 44825346.520340174
871, 40729117.77917088
872, 41846720.76756743
874, 43654144.25378304
877, 44378864.99677601
878, 42203994.56844261
880, 44333478.84360159
883, 41962870.159101
884, 45221494.941291586
886, 41947154.1768218
889, 43607023.24326291
890, 42290336.20313785
892, 43978642.07890159
895, 42674522.86541551
896, 38866520.41118559
898, 43307171.50271278
901, 38894377.99906177
902, 40894583.29561044
904, 42548955.47507984
907, 41755317.922442734
908, 42669201.20169143
910, 41937051.86726613
913, 42830939.6716282
914, 44811366.987036355
916, 40461497.5255041
919, 40261395.14100486
920, 42814680.03617283
922, 42567435.22323201
925, 43062005.71852325
926, 42307785.31240658
928, 40734170.67694197
931, 40751557.696770415
932, 40250994.33446036
934, 37458343.31195055
937, 40591153.54768713
938, 41739780.195083685
940, 40079954.629843555
943, 43302872.83864316
944, 41803278.00295607
946, 43245450.44758144
949, 42157288.924414165
950, 40854170.377761334
952, 43839234.8151794
955, 42567172.9151274
956, 40019698.61766271
958, 39963729.870127425
961, 39567017.09822816
962, 42991350.862885006
964, 42321400.11002239
967, 42178200.41526843
968, 40606505.37365795
970, 42380707.09176201
973, 39066694.08124038
974, 42058129.16946167
976, 44663269.404909015
979, 44941595.09610147
980, 43006612.98323277
982, 39238784.75833313
985, 44132598.59125949
986, 41859123.42523357
988, 42014608.5938322
991, 40575877.02189145
992, 40298586.773468494
994, 41849630.59314347
997, 41337707.76892128
998, 43595138.30604779
1000, 40815977.373076424
