1, 39635034.69191316
2, 41556356.984346434
4, 38646568.476654574
7, 41269734.535902604
8, 43363715.823523745
10, 39023943.34941394
13, 39184003.256593734
14, 42824407.54161432
16, 43792577.8861875
19, 45317515.66969322
20, 41668959.756603695
22, 40560463.42513794
25, 40750965.21283181
26, 40709308.406574726
28, 40416956.38036265
31, 41062437.555713244
32, 39768975.050236255
34, 39917272.715557314
37, 40088988.299672276
38, 38817100.37551623
40, 40508793.64300981
43, 42638570.83149871
44, 43415344.14126656
46, 42746290.59370779
49, 41706732.87939409
50, 40399799.07391679
52, 40489105.66612254
55, 42822380.114786744
56, 40317689.71654265
58, 40888001.94799218
61, 40991881.48554976
62, 38821690.68720056
64, 38893601.21301059
67, 42863422.99199095
68, 40891406.65831705
70, 45472685.1601056
73, 40869724.262350984
74, 39828298.71994213
76, 41622121.690050304
79, 42935501.63796254
80, 40454304.1931489
82, 42450927.81158692
85, 42192074.926664755
86, 44472005.980743594
88, 44741568.757402934
91, 42861384.58588632
92, 41244376.6971974
94, 41604727.80446523
97, 40903938.73529842
98, 40505104.50315916
100, 39321287.234211296
103, 37661051.455500625
104, 39168483.60691795
106, 41800849.046048924
109, 41305101.30525924
110, 38970140.22376465
112, 39989706.44895891
115, 41861675.45354451
116, 40970520.36581087
118, 41276706.89345719
121, 38424578.52984181
122, 39358170.62610197
124, 41740885.949723706
127, 42449650.425007164
128, 42801250.93968784
130, 41836571.65419461
133, 41152005.257178344
134, 40806192.70165729
136, 41382855.74495687
139, 42016465.01514806
140, 40833538.817807116
142, 38812262.99988342
145, 39197017.547942564
146, 41698062.77496662
148, 41651646.02496434
151, 40047845.78842944
152, 39937676.914108254
154, 43096373.00328115
157, 39386554.83916176
158, 43559441.84631272
160, 40413000.87381537
163, 41239071.248707525
164, 40708570.52411187
166, 40936474.42841512
169, 40155618.005641475
170, 41525157.16947485
172, 40736782.94803078
175, 41586095.766168445
176, 41193377.651200764
178, 42076188.182320766
181, 40375807.70207055
182, 41089054.18433388
184, 44151610.18409877
187, 42987956.215385966
188, 38165497.456966504
190, 41003962.72191784
193, 43342420.543630406
194, 41351623.24512127
196, 43033105.82398857
199, 42640149.80750811
200, 41140713.07362743
202, 41282511.44654276
205, 44036373.90172085
206, 40750466.230203606
208, 42784248.78126484
211, 40711310.458745845
212, 41444180.09475821
214, 44898443.15897963
217, 39831588.55150078
218, 40016802.76278586
220, 42768857.22302684
223, 41482842.50340884
224, 44160163.60352289
226, 39883044.55453733
229, 42937340.912150346
230, 43143881.00484676
232, 40329050.28576174
235, 40699048.188529186
236, 39951641.24607829
238, 42437699.237459876
241, 40094545.980042726
242, 42667855.90101941
244, 42576129.275528476
247, 39547294.64992665
248, 41168752.89226247
250, 45029025.35283037
253, 45046413.904345565
254, 41281972.69381852
256, 41302138.75680501
259, 40992404.909458
260, 39613002.07723464
262, 39143360.55254482
265, 40143685.87806859
266, 38742661.37674518
268, 41260367.112330325
271, 42156758.06189879
272, 40839157.922620505
274, 43179726.16020376
277, 43002515.33852434
278, 42286718.69769289
280, 40976056.14599034
283, 41671947.14965327
284, 42568431.47593651
286, 41075709.00650115
289, 39875178.562679544
290, 42161562.94337952
292, 45706514.223474145
295, 40395863.31706592
296, 41836057.83106959
298, 42728954.21477342
301, 40542252.390748136
302, 40000646.15252526
304, 38753006.78155881
307, 39629777.73775405
308, 42130935.22941362
310, 40548475.624043025
313, 42034258.03299466
314, 40932398.567595325
316, 44068327.36311602
319, 43059400.82938772
320, 41893337.084764406
322, 40514251.765641116
325, 37638100.699581854
326, 40971311.70532191
328, 41541503.238349475
331, 40805740.34766616
332, 40261443.292472705
334, 40072887.31218543
337, 40313122.71582443
338, 40849856.43510092
340, 43523034.788985014
343, 43571697.798696026
344, 41573744.53663477
346, 42865466.72132867
349, 42847720.16326381
350, 40388306.049965225
352, 39613595.95610102
355, 41313716.00797318
356, 42165786.028921425
358, 41165592.45700358
361, 40963373.029774524
362, 41354967.64245421
364, 40421663.37636913
367, 40054832.4548345
368, 41915685.58507548
370, 42975842.124683335
373, 41184121.630312964
374, 41371845.88557996
376, 37786087.81636165
379, 43224131.543458246
380, 40854045.66672937
382, 41495415.87598733
385, 38729122.307768
386, 38708047.18746087
388, 39257064.8949057
391, 39544884.22274327
392, 40968121.48633317
394, 39841479.27728172
397, 41680843.5488588
398, 41179574.47845283
400, 42852519.6726919
403, 42481020.6944782
404, 37445407.03163759
406, 46815246.76742084
409, 39071587.284966834
410, 42934573.6408062
412, 43848521.832865775
415, 40503485.64837176
416, 41358765.21192265
418, 43738805.209906556
421, 40736489.820796244
422, 41459942.147160664
424, 43009788.13933767
427, 42671598.22110682
428, 38123498.18470568
430, 40409733.171671346
433, 40104087.417600766
434, 43661190.40793797
436, 41416361.00867889
439, 37455827.557834394
440, 38509170.38164301
442, 38752492.999452114
445, 44044087.45693393
446, 40659197.234315604
448, 39642064.493869826
451, 42300162.3880497
452, 40034413.27317637
454, 44378439.20311089
457, 43057115.40278306
458, 37854443.09668745
460, 40915884.19455337
463, 37841454.53728022
464, 42281470.044817746
466, 43844919.30723116
469, 39020199.434475355
470, 42004622.07880909
472, 43576723.002856255
475, 41534194.360076465
476, 39697498.320439115
478, 41038166.2132629
481, 41440180.13145805
482, 41247286.6618429
484, 42357555.966421165
487, 38701149.17498747
488, 41791108.9520945
490, 40522940.95655076
493, 39719701.413991824
494, 40335851.27308459
496, 40699409.128665805
499, 44646576.653378636
500, 39180895.48831445
502, 41836490.71885396
505, 40306127.03706584
506, 39297596.69829102
508, 42416826.071117364
511, 41299155.08219474
512, 43181676.54868657
514, 40897866.50531911
517, 42858346.92002542
518, 42368353.53307618
520, 41084180.87071423
523, 42194228.07904507
524, 39950089.51602061
526, 38945082.16484675
529, 41179881.23854306
530, 40754391.938299224
532, 42557984.11690028
535, 39956267.413263984
536, 42951336.124961
538, 40794742.118723914
541, 41183207.81940114
542, 43492013.82539203
544, 40829893.823354
547, 38198533.96976399
548, 39972567.815456964
550, 40361324.58060385
553, 40682325.94468624
554, 43576369.87814812
556, 39285023.1527124
559, 42685168.98634979
560, 39341279.3934189
562, 38677019.749501556
565, 40668647.63664043
566, 41113727.86823494
568, 42123259.463320516
571, 43930883.32057533
572, 41744646.27653839
574, 40135404.25501255
577, 40177930.25661885
578, 42694805.85996654
580, 41830801.596293174
583, 42954970.75854198
584, 40618372.048703186
586, 40307156.50912309
589, 42418424.17636222
590, 39570864.80570384
592, 38240381.997256465
595, 39461444.46258661
596, 41362255.63299514
598, 40740468.76694664
601, 40511912.620158456
602, 41060460.01298942
604, 41108920.901595674
607, 38819831.19949369
608, 38678515.08412088
610, 40984893.43123419
613, 42648379.32133382
614, 40249938.33856955
616, 44156304.80699466
619, 38996832.74197596
620, 43523451.1756837
622, 39696873.721543774
625, 38863005.96623361
626, 43168561.67215933
628, 43925012.25619103
631, 42515878.94242474
632, 43148866.71373653
634, 41419453.971261226
637, 38909932.19588425
638, 43726052.580765545
640, 36195426.36704829
643, 40638382.1796231
644, 42414755.18475396
646, 42155099.11443937
649, 41551197.15159262
650, 41465747.882056415
652, 40181868.21549111
655, 41872366.9013038
656, 41236340.06036555
658, 40471020.60900649
661, 41269755.0449878
662, 45006449.89212795
664, 41651406.2969448
667, 42648313.25763617
668, 43119866.11999665
670, 44813167.78496755
673, 44778818.34422278
674, 39237325.22539011
676, 41185024.07973732
679, 41514193.670649245
680, 42917481.448556446
682, 39807310.77349852
685, 41434700.748841204
686, 46394598.70161031
688, 38023501.370772004
691, 40338753.78379843
692, 39680475.92627537
694, 40886293.40635678
697, 41015886.170473546
698, 40436162.66014104
700, 41687213.777724564
703, 43136626.15872283
704, 39579321.922357455
706, 42658664.87766465
709, 36960442.45109894
710, 39855676.018490165
712, 42495159.03205928
715, 40362615.39752713
716, 42520654.69989966
718, 42043954.076968536
721, 39987623.34383141
722, 39158674.146988876
724, 40475222.66327569
727, 38316730.65932899
728, 39318504.309246786
730, 39079089.872983046
733, 40101471.85815083
734, 43170591.96215295
736, 36434829.96070715
739, 38717679.33517942
740, 42708069.61111346
742, 40212599.5490979
745, 40052301.30774255
746, 38152489.02472903
748, 40950125.52048928
751, 38435888.11956988
752, 42486718.67154383
754, 39768790.50146914
757, 38800543.677025236
758, 40015853.2153001
760, 40417739.97900587
763, 39095050.81389247
764, 44223081.477796845
766, 42763128.07921979
769, 41039919.999975875
770, 40172480.43886736
772, 42021356.21151393
775, 40555061.12997066
776, 41638460.69276131
778, 42720258.076237574
781, 39005906.53842321
782, 37788660.98874346
784, 44534477.21774373
787, 40899229.32784601
788, 40244586.67450553
790, 41195684.193919405
793, 38996577.21028973
794, 38457257.75600876
796, 41598579.84254179
799, 39060573.63126826
800, 40211205.08238067
802, 43308285.993771456
805, 40217056.39467454
806, 37518645.189804815
808, 39647211.452186555
811, 39609883.51149415
812, 40216954.5632274
814, 42310859.34538823
817, 41574039.52968986
818, 40615786.4998759
820, 40568613.02532664
823, 39349172.54231103
824, 43145463.76468517
826, 39721276.178866774
829, 40598881.23525679
830, 42172369.44561424
832, 40816085.40104045
835, 41525036.29976631
836, 40769266.46142667
838, 43632217.4054289
841, 42119454.87560454
842, 41466683.44706613
844, 40844132.68583996
847, 38817358.48813817
848, 41536299.42234351
850, 38178472.44078501
853, 41481547.324570335
854, 40594185.559509486
856, 44671658.34225594
859, 38774879.076054454
860, 39370559.133343905
862, 41718453.92843273
865, 40483068.25636195
866, 39502433.876187004
868, 44589244.74942513
871, 38712355.03044778
872, 42540504.72712815
874, 41366133.40558534
877, 42093824.52731618
878, 39287634.10457234
880, 38316402.445639014
883, 42855533.82620966
884, 40819868.80974483
886, 46586801.54211191
889, 41603766.65136271
890, 39745012.75505515
892, 43181678.55259982
895, 39644106.96533316
896, 38019618.404327475
898, 37929541.737128444
901, 41840864.46500021
902, 42683293.20520395
904, 42578877.21993925
907, 37418147.207822904
908, 42405429.29604636
910, 36851262.11638406
913, 42958728.610628106
914, 41785425.045504786
916, 37072678.01161461
919, 40647012.00651478
920, 41811372.67070686
922, 39648173.711335674
925, 41154490.06954786
926, 41104309.24304007
928, 40692993.90616817
931, 41455257.95625301
932, 38227038.90362853
934, 43525495.63423326
937, 41071031.738915615
938, 41441834.86961008
940, 40442451.14695226
943, 38946588.32344229
944, 43103312.85280012
946, 42487445.134929456
949, 43697488.67722111
950, 42035343.44456798
952, 42436367.56042151
955, 41900835.48727987
956, 41357805.628974825
958, 37476987.03444454
961, 40242538.2826445
962, 41051873.06988912
964, 46168646.665256806
967, 39191464.22926553
968, 43435680.45114459
970, 44556811.01371125
973, 42800887.25456985
974, 41920316.747656934
976, 42252151.08105033
979, 42579692.48923266
980, 40155471.64204638
982, 39566607.632375166
985, 42443875.64496226
986, 42692580.536946654
988, 40675411.69121215
991, 42872939.71310273
992, 41183006.240143
994, 40110835.79962309
997, 42302326.33542964
998, 40554861.70306677
1000, 41772406.16415825
